   5.0000000e-02   3.0919643e-01   9.3428571e-02   0.0000000e+00   0.0000000e+00   0.0000000e+00
   5.0000000e-02   3.0686607e-01   9.2083139e-02   0.0000000e+00   0.0000000e+00   0.0000000e+00
   5.0000000e-02   3.0686607e-01   9.4774004e-02   0.0000000e+00   0.0000000e+00   0.0000000e+00
   5.0000000e-02   2.9987500e-01   8.8046842e-02   0.0000000e+00   0.0000000e+00   0.0000000e+00
   5.0000000e-02   2.9754464e-01   8.6701410e-02   0.0000000e+00   0.0000000e+00   0.0000000e+00
   5.0000000e-02   2.9754464e-01   8.9392274e-02   0.0000000e+00   0.0000000e+00   0.0000000e+00
   5.0000000e-02   2.9987500e-01   9.8810301e-02   0.0000000e+00   0.0000000e+00   0.0000000e+00
   5.0000000e-02   2.9754464e-01   9.7464868e-02   0.0000000e+00   0.0000000e+00   0.0000000e+00
   5.0000000e-02   2.9754464e-01   1.0015573e-01   0.0000000e+00   0.0000000e+00   0.0000000e+00
   5.0000000e-02   3.0142857e-01   9.3428571e-02   0.0000000e+00   0.0000000e+00   0.0000000e+00
   5.0000000e-02   3.1174107e-01   9.8129981e-02   0.0000000e+00   0.0000000e+00   0.0000000e+00
   5.0000000e-02   3.0941071e-01   9.9475414e-02   0.0000000e+00   0.0000000e+00   0.0000000e+00
   5.0000000e-02   3.1174107e-01   1.0082085e-01   0.0000000e+00   0.0000000e+00   0.0000000e+00
   5.0000000e-02   3.0241964e-01   1.0351171e-01   0.0000000e+00   0.0000000e+00   0.0000000e+00
   5.0000000e-02   3.0008929e-01   1.0485714e-01   0.0000000e+00   0.0000000e+00   0.0000000e+00
   5.0000000e-02   3.0241964e-01   1.0620258e-01   0.0000000e+00   0.0000000e+00   0.0000000e+00
   5.0000000e-02   3.1174107e-01   1.0889344e-01   0.0000000e+00   0.0000000e+00   0.0000000e+00
   5.0000000e-02   3.0941071e-01   1.1023887e-01   0.0000000e+00   0.0000000e+00   0.0000000e+00
   5.0000000e-02   3.1174107e-01   1.1158430e-01   0.0000000e+00   0.0000000e+00   0.0000000e+00
   5.0000000e-02   3.0785714e-01   1.0485714e-01   0.0000000e+00   0.0000000e+00   0.0000000e+00
   5.0000000e-02   3.0919643e-01   1.1628571e-01   0.0000000e+00   0.0000000e+00   0.0000000e+00
   5.0000000e-02   3.0686607e-01   1.1494028e-01   0.0000000e+00   0.0000000e+00   0.0000000e+00
   5.0000000e-02   3.0686607e-01   1.1763115e-01   0.0000000e+00   0.0000000e+00   0.0000000e+00
   5.0000000e-02   2.9987500e-01   1.1090398e-01   0.0000000e+00   0.0000000e+00   0.0000000e+00
   5.0000000e-02   2.9754464e-01   1.0955855e-01   0.0000000e+00   0.0000000e+00   0.0000000e+00
   5.0000000e-02   2.9754464e-01   1.1224942e-01   0.0000000e+00   0.0000000e+00   0.0000000e+00
   5.0000000e-02   2.9987500e-01   1.2166744e-01   0.0000000e+00   0.0000000e+00   0.0000000e+00
   5.0000000e-02   2.9754464e-01   1.2032201e-01   0.0000000e+00   0.0000000e+00   0.0000000e+00
   5.0000000e-02   2.9754464e-01   1.2301288e-01   0.0000000e+00   0.0000000e+00   0.0000000e+00
   5.0000000e-02   3.0142857e-01   1.1628571e-01   0.0000000e+00   0.0000000e+00   0.0000000e+00
   5.0000000e-02   3.1754464e-01   9.8129981e-02   0.0000000e+00   0.0000000e+00   0.0000000e+00
   5.0000000e-02   3.1754464e-01   1.0082085e-01   0.0000000e+00   0.0000000e+00   0.0000000e+00
   5.0000000e-02   3.1987500e-01   9.9475414e-02   0.0000000e+00   0.0000000e+00   0.0000000e+00
   5.0000000e-02   3.1754464e-01   1.0889344e-01   0.0000000e+00   0.0000000e+00   0.0000000e+00
   5.0000000e-02   3.1754464e-01   1.1158430e-01   0.0000000e+00   0.0000000e+00   0.0000000e+00
   5.0000000e-02   3.1987500e-01   1.1023887e-01   0.0000000e+00   0.0000000e+00   0.0000000e+00
   5.0000000e-02   3.2686607e-01   1.0351171e-01   0.0000000e+00   0.0000000e+00   0.0000000e+00
   5.0000000e-02   3.2686607e-01   1.0620258e-01   0.0000000e+00   0.0000000e+00   0.0000000e+00
   5.0000000e-02   3.2919643e-01   1.0485714e-01   0.0000000e+00   0.0000000e+00   0.0000000e+00
   5.0000000e-02   3.2142857e-01   1.0485714e-01   0.0000000e+00   0.0000000e+00   0.0000000e+00
   5.0000000e-02   3.3174107e-01   1.0955855e-01   0.0000000e+00   0.0000000e+00   0.0000000e+00
   5.0000000e-02   3.2941071e-01   1.1090398e-01   0.0000000e+00   0.0000000e+00   0.0000000e+00
   5.0000000e-02   3.3174107e-01   1.1224942e-01   0.0000000e+00   0.0000000e+00   0.0000000e+00
   5.0000000e-02   3.2241964e-01   1.1494028e-01   0.0000000e+00   0.0000000e+00   0.0000000e+00
   5.0000000e-02   3.2008929e-01   1.1628571e-01   0.0000000e+00   0.0000000e+00   0.0000000e+00
   5.0000000e-02   3.2241964e-01   1.1763115e-01   0.0000000e+00   0.0000000e+00   0.0000000e+00
   5.0000000e-02   3.3174107e-01   1.2032201e-01   0.0000000e+00   0.0000000e+00   0.0000000e+00
   5.0000000e-02   3.2941071e-01   1.2166744e-01   0.0000000e+00   0.0000000e+00   0.0000000e+00
   5.0000000e-02   3.3174107e-01   1.2301288e-01   0.0000000e+00   0.0000000e+00   0.0000000e+00
   5.0000000e-02   3.2785714e-01   1.1628571e-01   0.0000000e+00   0.0000000e+00   0.0000000e+00
   5.0000000e-02   3.3683036e-01   1.0955855e-01   0.0000000e+00   0.0000000e+00   0.0000000e+00
   5.0000000e-02   3.3683036e-01   1.1224942e-01   0.0000000e+00   0.0000000e+00   0.0000000e+00
   5.0000000e-02   3.3916071e-01   1.1090398e-01   0.0000000e+00   0.0000000e+00   0.0000000e+00
   5.0000000e-02   3.3683036e-01   1.2032201e-01   0.0000000e+00   0.0000000e+00   0.0000000e+00
   5.0000000e-02   3.3683036e-01   1.2301288e-01   0.0000000e+00   0.0000000e+00   0.0000000e+00
   5.0000000e-02   3.3916071e-01   1.2166744e-01   0.0000000e+00   0.0000000e+00   0.0000000e+00
   5.0000000e-02   3.4615179e-01   1.1494028e-01   0.0000000e+00   0.0000000e+00   0.0000000e+00
   5.0000000e-02   3.4615179e-01   1.1763115e-01   0.0000000e+00   0.0000000e+00   0.0000000e+00
   5.0000000e-02   3.4848214e-01   1.1628571e-01   0.0000000e+00   0.0000000e+00   0.0000000e+00
   5.0000000e-02   3.4071429e-01   1.1628571e-01   0.0000000e+00   0.0000000e+00   0.0000000e+00
   5.0000000e-02   3.4008929e-01   1.0485714e-01   0.0000000e+00   0.0000000e+00   0.0000000e+00
   5.0000000e-02   3.4241964e-01   1.0620258e-01   0.0000000e+00   0.0000000e+00   0.0000000e+00
   5.0000000e-02   3.4241964e-01   1.0351171e-01   0.0000000e+00   0.0000000e+00   0.0000000e+00
   5.0000000e-02   3.4941071e-01   1.1023887e-01   0.0000000e+00   0.0000000e+00   0.0000000e+00
   5.0000000e-02   3.5174107e-01   1.1158430e-01   0.0000000e+00   0.0000000e+00   0.0000000e+00
   5.0000000e-02   3.5174107e-01   1.0889344e-01   0.0000000e+00   0.0000000e+00   0.0000000e+00
   5.0000000e-02   3.4941071e-01   9.9475414e-02   0.0000000e+00   0.0000000e+00   0.0000000e+00
   5.0000000e-02   3.5174107e-01   1.0082085e-01   0.0000000e+00   0.0000000e+00   0.0000000e+00
   5.0000000e-02   3.5174107e-01   9.8129981e-02   0.0000000e+00   0.0000000e+00   0.0000000e+00
   5.0000000e-02   3.4785714e-01   1.0485714e-01   0.0000000e+00   0.0000000e+00   0.0000000e+00
   5.0000000e-02   3.5683036e-01   9.8129981e-02   0.0000000e+00   0.0000000e+00   0.0000000e+00
   5.0000000e-02   3.5683036e-01   1.0082085e-01   0.0000000e+00   0.0000000e+00   0.0000000e+00
   5.0000000e-02   3.5916071e-01   9.9475414e-02   0.0000000e+00   0.0000000e+00   0.0000000e+00
   5.0000000e-02   3.5683036e-01   1.0889344e-01   0.0000000e+00   0.0000000e+00   0.0000000e+00
   5.0000000e-02   3.5683036e-01   1.1158430e-01   0.0000000e+00   0.0000000e+00   0.0000000e+00
   5.0000000e-02   3.5916071e-01   1.1023887e-01   0.0000000e+00   0.0000000e+00   0.0000000e+00
   5.0000000e-02   3.6615179e-01   1.0351171e-01   0.0000000e+00   0.0000000e+00   0.0000000e+00
   5.0000000e-02   3.6615179e-01   1.0620258e-01   0.0000000e+00   0.0000000e+00   0.0000000e+00
   5.0000000e-02   3.6848214e-01   1.0485714e-01   0.0000000e+00   0.0000000e+00   0.0000000e+00
   5.0000000e-02   3.6071429e-01   1.0485714e-01   0.0000000e+00   0.0000000e+00   0.0000000e+00
   5.0000000e-02   3.7102679e-01   1.0955855e-01   0.0000000e+00   0.0000000e+00   0.0000000e+00
   5.0000000e-02   3.6869643e-01   1.1090398e-01   0.0000000e+00   0.0000000e+00   0.0000000e+00
   5.0000000e-02   3.7102679e-01   1.1224942e-01   0.0000000e+00   0.0000000e+00   0.0000000e+00
   5.0000000e-02   3.6170536e-01   1.1494028e-01   0.0000000e+00   0.0000000e+00   0.0000000e+00
   5.0000000e-02   3.5937500e-01   1.1628571e-01   0.0000000e+00   0.0000000e+00   0.0000000e+00
   5.0000000e-02   3.6170536e-01   1.1763115e-01   0.0000000e+00   0.0000000e+00   0.0000000e+00
   5.0000000e-02   3.7102679e-01   1.2032201e-01   0.0000000e+00   0.0000000e+00   0.0000000e+00
   5.0000000e-02   3.6869643e-01   1.2166744e-01   0.0000000e+00   0.0000000e+00   0.0000000e+00
   5.0000000e-02   3.7102679e-01   1.2301288e-01   0.0000000e+00   0.0000000e+00   0.0000000e+00
   5.0000000e-02   3.6714286e-01   1.1628571e-01   0.0000000e+00   0.0000000e+00   0.0000000e+00
   5.0000000e-02   3.5937500e-01   9.3428571e-02   0.0000000e+00   0.0000000e+00   0.0000000e+00
   5.0000000e-02   3.6170536e-01   9.4774004e-02   0.0000000e+00   0.0000000e+00   0.0000000e+00
   5.0000000e-02   3.6170536e-01   9.2083139e-02   0.0000000e+00   0.0000000e+00   0.0000000e+00
   5.0000000e-02   3.6869643e-01   9.8810301e-02   0.0000000e+00   0.0000000e+00   0.0000000e+00
   5.0000000e-02   3.7102679e-01   1.0015573e-01   0.0000000e+00   0.0000000e+00   0.0000000e+00
   5.0000000e-02   3.7102679e-01   9.7464868e-02   0.0000000e+00   0.0000000e+00   0.0000000e+00
   5.0000000e-02   3.6869643e-01   8.8046842e-02   0.0000000e+00   0.0000000e+00   0.0000000e+00
   5.0000000e-02   3.7102679e-01   8.9392274e-02   0.0000000e+00   0.0000000e+00   0.0000000e+00
   5.0000000e-02   3.7102679e-01   8.6701410e-02   0.0000000e+00   0.0000000e+00   0.0000000e+00
   5.0000000e-02   3.6714286e-01   9.3428571e-02   0.0000000e+00   0.0000000e+00   0.0000000e+00
   5.0000000e-02   3.5683036e-01   8.8727162e-02   0.0000000e+00   0.0000000e+00   0.0000000e+00
   5.0000000e-02   3.5916071e-01   8.7381729e-02   0.0000000e+00   0.0000000e+00   0.0000000e+00
   5.0000000e-02   3.5683036e-01   8.6036297e-02   0.0000000e+00   0.0000000e+00   0.0000000e+00
   5.0000000e-02   3.6615179e-01   8.3345432e-02   0.0000000e+00   0.0000000e+00   0.0000000e+00
   5.0000000e-02   3.6848214e-01   8.2000000e-02   0.0000000e+00   0.0000000e+00   0.0000000e+00
   5.0000000e-02   3.6615179e-01   8.0654568e-02   0.0000000e+00   0.0000000e+00   0.0000000e+00
   5.0000000e-02   3.5683036e-01   7.7963703e-02   0.0000000e+00   0.0000000e+00   0.0000000e+00
   5.0000000e-02   3.5916071e-01   7.6618271e-02   0.0000000e+00   0.0000000e+00   0.0000000e+00
   5.0000000e-02   3.5683036e-01   7.5272838e-02   0.0000000e+00   0.0000000e+00   0.0000000e+00
   5.0000000e-02   3.6071429e-01   8.2000000e-02   0.0000000e+00   0.0000000e+00   0.0000000e+00
   5.0000000e-02   3.3683036e-01   1.0015573e-01   0.0000000e+00   0.0000000e+00   0.0000000e+00
   5.0000000e-02   3.3916071e-01   9.8810301e-02   0.0000000e+00   0.0000000e+00   0.0000000e+00
   5.0000000e-02   3.3683036e-01   9.7464868e-02   0.0000000e+00   0.0000000e+00   0.0000000e+00
   5.0000000e-02   3.4615179e-01   9.4774004e-02   0.0000000e+00   0.0000000e+00   0.0000000e+00
   5.0000000e-02   3.4848214e-01   9.3428571e-02   0.0000000e+00   0.0000000e+00   0.0000000e+00
   5.0000000e-02   3.4615179e-01   9.2083139e-02   0.0000000e+00   0.0000000e+00   0.0000000e+00
   5.0000000e-02   3.3683036e-01   8.9392274e-02   0.0000000e+00   0.0000000e+00   0.0000000e+00
   5.0000000e-02   3.3916071e-01   8.8046842e-02   0.0000000e+00   0.0000000e+00   0.0000000e+00
   5.0000000e-02   3.3683036e-01   8.6701410e-02   0.0000000e+00   0.0000000e+00   0.0000000e+00
   5.0000000e-02   3.4071429e-01   9.3428571e-02   0.0000000e+00   0.0000000e+00   0.0000000e+00
   5.0000000e-02   3.4008929e-01   8.2000000e-02   0.0000000e+00   0.0000000e+00   0.0000000e+00
   5.0000000e-02   3.4241964e-01   8.3345432e-02   0.0000000e+00   0.0000000e+00   0.0000000e+00
   5.0000000e-02   3.4241964e-01   8.0654568e-02   0.0000000e+00   0.0000000e+00   0.0000000e+00
   5.0000000e-02   3.4941071e-01   8.7381729e-02   0.0000000e+00   0.0000000e+00   0.0000000e+00
   5.0000000e-02   3.5174107e-01   8.8727162e-02   0.0000000e+00   0.0000000e+00   0.0000000e+00
   5.0000000e-02   3.5174107e-01   8.6036297e-02   0.0000000e+00   0.0000000e+00   0.0000000e+00
   5.0000000e-02   3.4941071e-01   7.6618271e-02   0.0000000e+00   0.0000000e+00   0.0000000e+00
   5.0000000e-02   3.5174107e-01   7.7963703e-02   0.0000000e+00   0.0000000e+00   0.0000000e+00
   5.0000000e-02   3.5174107e-01   7.5272838e-02   0.0000000e+00   0.0000000e+00   0.0000000e+00
   5.0000000e-02   3.4785714e-01   8.2000000e-02   0.0000000e+00   0.0000000e+00   0.0000000e+00
   5.0000000e-02   3.3174107e-01   1.0015573e-01   0.0000000e+00   0.0000000e+00   0.0000000e+00
   5.0000000e-02   3.3174107e-01   9.7464868e-02   0.0000000e+00   0.0000000e+00   0.0000000e+00
   5.0000000e-02   3.2941071e-01   9.8810301e-02   0.0000000e+00   0.0000000e+00   0.0000000e+00
   5.0000000e-02   3.3174107e-01   8.9392274e-02   0.0000000e+00   0.0000000e+00   0.0000000e+00
   5.0000000e-02   3.3174107e-01   8.6701410e-02   0.0000000e+00   0.0000000e+00   0.0000000e+00
   5.0000000e-02   3.2941071e-01   8.8046842e-02   0.0000000e+00   0.0000000e+00   0.0000000e+00
   5.0000000e-02   3.2241964e-01   9.4774004e-02   0.0000000e+00   0.0000000e+00   0.0000000e+00
   5.0000000e-02   3.2241964e-01   9.2083139e-02   0.0000000e+00   0.0000000e+00   0.0000000e+00
   5.0000000e-02   3.2008929e-01   9.3428571e-02   0.0000000e+00   0.0000000e+00   0.0000000e+00
   5.0000000e-02   3.2785714e-01   9.3428571e-02   0.0000000e+00   0.0000000e+00   0.0000000e+00
   5.0000000e-02   3.1754464e-01   8.8727162e-02   0.0000000e+00   0.0000000e+00   0.0000000e+00
   5.0000000e-02   3.1987500e-01   8.7381729e-02   0.0000000e+00   0.0000000e+00   0.0000000e+00
   5.0000000e-02   3.1754464e-01   8.6036297e-02   0.0000000e+00   0.0000000e+00   0.0000000e+00
   5.0000000e-02   3.2686607e-01   8.3345432e-02   0.0000000e+00   0.0000000e+00   0.0000000e+00
   5.0000000e-02   3.2919643e-01   8.2000000e-02   0.0000000e+00   0.0000000e+00   0.0000000e+00
   5.0000000e-02   3.2686607e-01   8.0654568e-02   0.0000000e+00   0.0000000e+00   0.0000000e+00
   5.0000000e-02   3.1754464e-01   7.7963703e-02   0.0000000e+00   0.0000000e+00   0.0000000e+00
   5.0000000e-02   3.1987500e-01   7.6618271e-02   0.0000000e+00   0.0000000e+00   0.0000000e+00
   5.0000000e-02   3.1754464e-01   7.5272838e-02   0.0000000e+00   0.0000000e+00   0.0000000e+00
   5.0000000e-02   3.2142857e-01   8.2000000e-02   0.0000000e+00   0.0000000e+00   0.0000000e+00
   5.0000000e-02   3.1174107e-01   8.8727162e-02   0.0000000e+00   0.0000000e+00   0.0000000e+00
   5.0000000e-02   3.1174107e-01   8.6036297e-02   0.0000000e+00   0.0000000e+00   0.0000000e+00
   5.0000000e-02   3.0941071e-01   8.7381729e-02   0.0000000e+00   0.0000000e+00   0.0000000e+00
   5.0000000e-02   3.1174107e-01   7.7963703e-02   0.0000000e+00   0.0000000e+00   0.0000000e+00
   5.0000000e-02   3.1174107e-01   7.5272838e-02   0.0000000e+00   0.0000000e+00   0.0000000e+00
   5.0000000e-02   3.0941071e-01   7.6618271e-02   0.0000000e+00   0.0000000e+00   0.0000000e+00
   5.0000000e-02   3.0241964e-01   8.3345432e-02   0.0000000e+00   0.0000000e+00   0.0000000e+00
   5.0000000e-02   3.0241964e-01   8.0654568e-02   0.0000000e+00   0.0000000e+00   0.0000000e+00
   5.0000000e-02   3.0008929e-01   8.2000000e-02   0.0000000e+00   0.0000000e+00   0.0000000e+00
   5.0000000e-02   3.0785714e-01   8.2000000e-02   0.0000000e+00   0.0000000e+00   0.0000000e+00
