   7.0000000e-02  -1.1160714e-01  -1.8571429e-02   0.0000000e+00   0.0000000e+00   0.0000000e+00
   7.0000000e-02  -1.1369643e-01  -1.9777678e-02   0.0000000e+00   0.0000000e+00   0.0000000e+00
   7.0000000e-02  -1.1369643e-01  -1.7365179e-02   0.0000000e+00   0.0000000e+00   0.0000000e+00
   7.0000000e-02  -1.1996429e-01  -2.3396427e-02   0.0000000e+00   0.0000000e+00   0.0000000e+00
   7.0000000e-02  -1.2205357e-01  -2.4602677e-02   0.0000000e+00   0.0000000e+00   0.0000000e+00
   7.0000000e-02  -1.2205357e-01  -2.2190178e-02   0.0000000e+00   0.0000000e+00   0.0000000e+00
   7.0000000e-02  -1.1996429e-01  -1.3746430e-02   0.0000000e+00   0.0000000e+00   0.0000000e+00
   7.0000000e-02  -1.2205357e-01  -1.4952680e-02   0.0000000e+00   0.0000000e+00   0.0000000e+00
   7.0000000e-02  -1.2205357e-01  -1.2540180e-02   0.0000000e+00   0.0000000e+00   0.0000000e+00
   7.0000000e-02  -1.1857143e-01  -1.8571429e-02   0.0000000e+00   0.0000000e+00   0.0000000e+00
   7.0000000e-02  -1.0866071e-01  -1.3174105e-02   0.0000000e+00   0.0000000e+00   0.0000000e+00
   7.0000000e-02  -1.1075000e-01  -1.1967856e-02   0.0000000e+00   0.0000000e+00   0.0000000e+00
   7.0000000e-02  -1.0866071e-01  -1.0761606e-02   0.0000000e+00   0.0000000e+00   0.0000000e+00
   7.0000000e-02  -1.1701786e-01  -8.3491068e-03   0.0000000e+00   0.0000000e+00   0.0000000e+00
   7.0000000e-02  -1.1910714e-01  -7.1428571e-03   0.0000000e+00   0.0000000e+00   0.0000000e+00
   7.0000000e-02  -1.1701786e-01  -5.9366075e-03   0.0000000e+00   0.0000000e+00   0.0000000e+00
   7.0000000e-02  -1.0866071e-01  -3.5241081e-03   0.0000000e+00   0.0000000e+00   0.0000000e+00
   7.0000000e-02  -1.1075000e-01  -2.3178585e-03   0.0000000e+00   0.0000000e+00   0.0000000e+00
   7.0000000e-02  -1.0866071e-01  -1.1116088e-03   0.0000000e+00   0.0000000e+00   0.0000000e+00
   7.0000000e-02  -1.1214286e-01  -7.1428571e-03   0.0000000e+00   0.0000000e+00   0.0000000e+00
   7.0000000e-02  -1.1160714e-01   4.2857143e-03   0.0000000e+00   0.0000000e+00   0.0000000e+00
   7.0000000e-02  -1.1369643e-01   3.0794646e-03   0.0000000e+00   0.0000000e+00   0.0000000e+00
   7.0000000e-02  -1.1369643e-01   5.4919640e-03   0.0000000e+00   0.0000000e+00   0.0000000e+00
   7.0000000e-02  -1.1996429e-01  -5.3928439e-04   0.0000000e+00   0.0000000e+00   0.0000000e+00
   7.0000000e-02  -1.2205357e-01  -1.7455341e-03   0.0000000e+00   0.0000000e+00   0.0000000e+00
   7.0000000e-02  -1.2205357e-01   6.6696528e-04   0.0000000e+00   0.0000000e+00   0.0000000e+00
   7.0000000e-02  -1.1996429e-01   9.1107130e-03   0.0000000e+00   0.0000000e+00   0.0000000e+00
   7.0000000e-02  -1.2205357e-01   7.9044633e-03   0.0000000e+00   0.0000000e+00   0.0000000e+00
   7.0000000e-02  -1.2205357e-01   1.0316963e-02   0.0000000e+00   0.0000000e+00   0.0000000e+00
   7.0000000e-02  -1.1857143e-01   4.2857143e-03   0.0000000e+00   0.0000000e+00   0.0000000e+00
   7.0000000e-02  -1.0205357e-01  -1.3174105e-02   0.0000000e+00   0.0000000e+00   0.0000000e+00
   7.0000000e-02  -1.0205357e-01  -1.0761606e-02   0.0000000e+00   0.0000000e+00   0.0000000e+00
   7.0000000e-02  -9.9964286e-02  -1.1967856e-02   0.0000000e+00   0.0000000e+00   0.0000000e+00
   7.0000000e-02  -1.0205357e-01  -3.5241081e-03   0.0000000e+00   0.0000000e+00   0.0000000e+00
   7.0000000e-02  -1.0205357e-01  -1.1116088e-03   0.0000000e+00   0.0000000e+00   0.0000000e+00
   7.0000000e-02  -9.9964286e-02  -2.3178585e-03   0.0000000e+00   0.0000000e+00   0.0000000e+00
   7.0000000e-02  -9.3696429e-02  -8.3491068e-03   0.0000000e+00   0.0000000e+00   0.0000000e+00
   7.0000000e-02  -9.3696429e-02  -5.9366075e-03   0.0000000e+00   0.0000000e+00   0.0000000e+00
   7.0000000e-02  -9.1607143e-02  -7.1428571e-03   0.0000000e+00   0.0000000e+00   0.0000000e+00
   7.0000000e-02  -9.8571429e-02  -7.1428571e-03   0.0000000e+00   0.0000000e+00   0.0000000e+00
   7.0000000e-02  -8.8660714e-02  -1.7455341e-03   0.0000000e+00   0.0000000e+00   0.0000000e+00
   7.0000000e-02  -9.0750000e-02  -5.3928439e-04   0.0000000e+00   0.0000000e+00   0.0000000e+00
   7.0000000e-02  -8.8660714e-02   6.6696528e-04   0.0000000e+00   0.0000000e+00   0.0000000e+00
   7.0000000e-02  -9.7017857e-02   3.0794646e-03   0.0000000e+00   0.0000000e+00   0.0000000e+00
   7.0000000e-02  -9.9107143e-02   4.2857143e-03   0.0000000e+00   0.0000000e+00   0.0000000e+00
   7.0000000e-02  -9.7017857e-02   5.4919640e-03   0.0000000e+00   0.0000000e+00   0.0000000e+00
   7.0000000e-02  -8.8660714e-02   7.9044633e-03   0.0000000e+00   0.0000000e+00   0.0000000e+00
   7.0000000e-02  -9.0750000e-02   9.1107130e-03   0.0000000e+00   0.0000000e+00   0.0000000e+00
   7.0000000e-02  -8.8660714e-02   1.0316963e-02   0.0000000e+00   0.0000000e+00   0.0000000e+00
   7.0000000e-02  -9.2142857e-02   4.2857143e-03   0.0000000e+00   0.0000000e+00   0.0000000e+00
   7.0000000e-02  -8.2767857e-02  -1.7455341e-03   0.0000000e+00   0.0000000e+00   0.0000000e+00
   7.0000000e-02  -8.2767857e-02   6.6696528e-04   0.0000000e+00   0.0000000e+00   0.0000000e+00
   7.0000000e-02  -8.0678571e-02  -5.3928439e-04   0.0000000e+00   0.0000000e+00   0.0000000e+00
   7.0000000e-02  -8.2767857e-02   7.9044633e-03   0.0000000e+00   0.0000000e+00   0.0000000e+00
   7.0000000e-02  -8.2767857e-02   1.0316963e-02   0.0000000e+00   0.0000000e+00   0.0000000e+00
   7.0000000e-02  -8.0678571e-02   9.1107130e-03   0.0000000e+00   0.0000000e+00   0.0000000e+00
   7.0000000e-02  -7.4410714e-02   3.0794646e-03   0.0000000e+00   0.0000000e+00   0.0000000e+00
   7.0000000e-02  -7.4410714e-02   5.4919640e-03   0.0000000e+00   0.0000000e+00   0.0000000e+00
   7.0000000e-02  -7.2321429e-02   4.2857143e-03   0.0000000e+00   0.0000000e+00   0.0000000e+00
   7.0000000e-02  -7.9285714e-02   4.2857143e-03   0.0000000e+00   0.0000000e+00   0.0000000e+00
   7.0000000e-02  -7.9107143e-02  -7.1428571e-03   0.0000000e+00   0.0000000e+00   0.0000000e+00
   7.0000000e-02  -7.7017857e-02  -5.9366075e-03   0.0000000e+00   0.0000000e+00   0.0000000e+00
   7.0000000e-02  -7.7017857e-02  -8.3491068e-03   0.0000000e+00   0.0000000e+00   0.0000000e+00
   7.0000000e-02  -7.0750000e-02  -2.3178585e-03   0.0000000e+00   0.0000000e+00   0.0000000e+00
   7.0000000e-02  -6.8660714e-02  -1.1116088e-03   0.0000000e+00   0.0000000e+00   0.0000000e+00
   7.0000000e-02  -6.8660714e-02  -3.5241081e-03   0.0000000e+00   0.0000000e+00   0.0000000e+00
   7.0000000e-02  -7.0750000e-02  -1.1967856e-02   0.0000000e+00   0.0000000e+00   0.0000000e+00
   7.0000000e-02  -6.8660714e-02  -1.0761606e-02   0.0000000e+00   0.0000000e+00   0.0000000e+00
   7.0000000e-02  -6.8660714e-02  -1.3174105e-02   0.0000000e+00   0.0000000e+00   0.0000000e+00
   7.0000000e-02  -7.2142857e-02  -7.1428571e-03   0.0000000e+00   0.0000000e+00   0.0000000e+00
   7.0000000e-02  -6.2767857e-02  -1.3174105e-02   0.0000000e+00   0.0000000e+00   0.0000000e+00
   7.0000000e-02  -6.2767857e-02  -1.0761606e-02   0.0000000e+00   0.0000000e+00   0.0000000e+00
   7.0000000e-02  -6.0678571e-02  -1.1967856e-02   0.0000000e+00   0.0000000e+00   0.0000000e+00
   7.0000000e-02  -6.2767857e-02  -3.5241081e-03   0.0000000e+00   0.0000000e+00   0.0000000e+00
   7.0000000e-02  -6.2767857e-02  -1.1116088e-03   0.0000000e+00   0.0000000e+00   0.0000000e+00
   7.0000000e-02  -6.0678571e-02  -2.3178585e-03   0.0000000e+00   0.0000000e+00   0.0000000e+00
   7.0000000e-02  -5.4410714e-02  -8.3491068e-03   0.0000000e+00   0.0000000e+00   0.0000000e+00
   7.0000000e-02  -5.4410714e-02  -5.9366075e-03   0.0000000e+00   0.0000000e+00   0.0000000e+00
   7.0000000e-02  -5.2321429e-02  -7.1428571e-03   0.0000000e+00   0.0000000e+00   0.0000000e+00
   7.0000000e-02  -5.9285714e-02  -7.1428571e-03   0.0000000e+00   0.0000000e+00   0.0000000e+00
   7.0000000e-02  -4.9375000e-02  -1.7455341e-03   0.0000000e+00   0.0000000e+00   0.0000000e+00
   7.0000000e-02  -5.1464286e-02  -5.3928439e-04   0.0000000e+00   0.0000000e+00   0.0000000e+00
   7.0000000e-02  -4.9375000e-02   6.6696528e-04   0.0000000e+00   0.0000000e+00   0.0000000e+00
   7.0000000e-02  -5.7732143e-02   3.0794646e-03   0.0000000e+00   0.0000000e+00   0.0000000e+00
   7.0000000e-02  -5.9821429e-02   4.2857143e-03   0.0000000e+00   0.0000000e+00   0.0000000e+00
   7.0000000e-02  -5.7732143e-02   5.4919640e-03   0.0000000e+00   0.0000000e+00   0.0000000e+00
   7.0000000e-02  -4.9375000e-02   7.9044633e-03   0.0000000e+00   0.0000000e+00   0.0000000e+00
   7.0000000e-02  -5.1464286e-02   9.1107130e-03   0.0000000e+00   0.0000000e+00   0.0000000e+00
   7.0000000e-02  -4.9375000e-02   1.0316963e-02   0.0000000e+00   0.0000000e+00   0.0000000e+00
   7.0000000e-02  -5.2857143e-02   4.2857143e-03   0.0000000e+00   0.0000000e+00   0.0000000e+00
   7.0000000e-02  -5.9821429e-02  -1.8571429e-02   0.0000000e+00   0.0000000e+00   0.0000000e+00
   7.0000000e-02  -5.7732143e-02  -1.7365179e-02   0.0000000e+00   0.0000000e+00   0.0000000e+00
   7.0000000e-02  -5.7732143e-02  -1.9777678e-02   0.0000000e+00   0.0000000e+00   0.0000000e+00
   7.0000000e-02  -5.1464286e-02  -1.3746430e-02   0.0000000e+00   0.0000000e+00   0.0000000e+00
   7.0000000e-02  -4.9375000e-02  -1.2540180e-02   0.0000000e+00   0.0000000e+00   0.0000000e+00
   7.0000000e-02  -4.9375000e-02  -1.4952680e-02   0.0000000e+00   0.0000000e+00   0.0000000e+00
   7.0000000e-02  -5.1464286e-02  -2.3396427e-02   0.0000000e+00   0.0000000e+00   0.0000000e+00
   7.0000000e-02  -4.9375000e-02  -2.2190178e-02   0.0000000e+00   0.0000000e+00   0.0000000e+00
   7.0000000e-02  -4.9375000e-02  -2.4602677e-02   0.0000000e+00   0.0000000e+00   0.0000000e+00
   7.0000000e-02  -5.2857143e-02  -1.8571429e-02   0.0000000e+00   0.0000000e+00   0.0000000e+00
   7.0000000e-02  -6.2767857e-02  -2.3968752e-02   0.0000000e+00   0.0000000e+00   0.0000000e+00
   7.0000000e-02  -6.0678571e-02  -2.5175001e-02   0.0000000e+00   0.0000000e+00   0.0000000e+00
   7.0000000e-02  -6.2767857e-02  -2.6381251e-02   0.0000000e+00   0.0000000e+00   0.0000000e+00
   7.0000000e-02  -5.4410714e-02  -2.8793750e-02   0.0000000e+00   0.0000000e+00   0.0000000e+00
   7.0000000e-02  -5.2321429e-02  -3.0000000e-02   0.0000000e+00   0.0000000e+00   0.0000000e+00
   7.0000000e-02  -5.4410714e-02  -3.1206250e-02   0.0000000e+00   0.0000000e+00   0.0000000e+00
   7.0000000e-02  -6.2767857e-02  -3.3618749e-02   0.0000000e+00   0.0000000e+00   0.0000000e+00
   7.0000000e-02  -6.0678571e-02  -3.4824999e-02   0.0000000e+00   0.0000000e+00   0.0000000e+00
   7.0000000e-02  -6.2767857e-02  -3.6031248e-02   0.0000000e+00   0.0000000e+00   0.0000000e+00
   7.0000000e-02  -5.9285714e-02  -3.0000000e-02   0.0000000e+00   0.0000000e+00   0.0000000e+00
   7.0000000e-02  -8.2767857e-02  -1.2540180e-02   0.0000000e+00   0.0000000e+00   0.0000000e+00
   7.0000000e-02  -8.0678571e-02  -1.3746430e-02   0.0000000e+00   0.0000000e+00   0.0000000e+00
   7.0000000e-02  -8.2767857e-02  -1.4952680e-02   0.0000000e+00   0.0000000e+00   0.0000000e+00
   7.0000000e-02  -7.4410714e-02  -1.7365179e-02   0.0000000e+00   0.0000000e+00   0.0000000e+00
   7.0000000e-02  -7.2321429e-02  -1.8571429e-02   0.0000000e+00   0.0000000e+00   0.0000000e+00
   7.0000000e-02  -7.4410714e-02  -1.9777678e-02   0.0000000e+00   0.0000000e+00   0.0000000e+00
   7.0000000e-02  -8.2767857e-02  -2.2190178e-02   0.0000000e+00   0.0000000e+00   0.0000000e+00
   7.0000000e-02  -8.0678571e-02  -2.3396427e-02   0.0000000e+00   0.0000000e+00   0.0000000e+00
   7.0000000e-02  -8.2767857e-02  -2.4602677e-02   0.0000000e+00   0.0000000e+00   0.0000000e+00
   7.0000000e-02  -7.9285714e-02  -1.8571429e-02   0.0000000e+00   0.0000000e+00   0.0000000e+00
   7.0000000e-02  -7.9107143e-02  -3.0000000e-02   0.0000000e+00   0.0000000e+00   0.0000000e+00
   7.0000000e-02  -7.7017857e-02  -2.8793750e-02   0.0000000e+00   0.0000000e+00   0.0000000e+00
   7.0000000e-02  -7.7017857e-02  -3.1206250e-02   0.0000000e+00   0.0000000e+00   0.0000000e+00
   7.0000000e-02  -7.0750000e-02  -2.5175001e-02   0.0000000e+00   0.0000000e+00   0.0000000e+00
   7.0000000e-02  -6.8660714e-02  -2.3968752e-02   0.0000000e+00   0.0000000e+00   0.0000000e+00
   7.0000000e-02  -6.8660714e-02  -2.6381251e-02   0.0000000e+00   0.0000000e+00   0.0000000e+00
   7.0000000e-02  -7.0750000e-02  -3.4824999e-02   0.0000000e+00   0.0000000e+00   0.0000000e+00
   7.0000000e-02  -6.8660714e-02  -3.3618749e-02   0.0000000e+00   0.0000000e+00   0.0000000e+00
   7.0000000e-02  -6.8660714e-02  -3.6031248e-02   0.0000000e+00   0.0000000e+00   0.0000000e+00
   7.0000000e-02  -7.2142857e-02  -3.0000000e-02   0.0000000e+00   0.0000000e+00   0.0000000e+00
   7.0000000e-02  -8.8660714e-02  -1.2540180e-02   0.0000000e+00   0.0000000e+00   0.0000000e+00
   7.0000000e-02  -8.8660714e-02  -1.4952680e-02   0.0000000e+00   0.0000000e+00   0.0000000e+00
   7.0000000e-02  -9.0750000e-02  -1.3746430e-02   0.0000000e+00   0.0000000e+00   0.0000000e+00
   7.0000000e-02  -8.8660714e-02  -2.2190178e-02   0.0000000e+00   0.0000000e+00   0.0000000e+00
   7.0000000e-02  -8.8660714e-02  -2.4602677e-02   0.0000000e+00   0.0000000e+00   0.0000000e+00
   7.0000000e-02  -9.0750000e-02  -2.3396427e-02   0.0000000e+00   0.0000000e+00   0.0000000e+00
   7.0000000e-02  -9.7017857e-02  -1.7365179e-02   0.0000000e+00   0.0000000e+00   0.0000000e+00
   7.0000000e-02  -9.7017857e-02  -1.9777678e-02   0.0000000e+00   0.0000000e+00   0.0000000e+00
   7.0000000e-02  -9.9107143e-02  -1.8571429e-02   0.0000000e+00   0.0000000e+00   0.0000000e+00
   7.0000000e-02  -9.2142857e-02  -1.8571429e-02   0.0000000e+00   0.0000000e+00   0.0000000e+00
   7.0000000e-02  -1.0205357e-01  -2.3968752e-02   0.0000000e+00   0.0000000e+00   0.0000000e+00
   7.0000000e-02  -9.9964286e-02  -2.5175001e-02   0.0000000e+00   0.0000000e+00   0.0000000e+00
   7.0000000e-02  -1.0205357e-01  -2.6381251e-02   0.0000000e+00   0.0000000e+00   0.0000000e+00
   7.0000000e-02  -9.3696429e-02  -2.8793750e-02   0.0000000e+00   0.0000000e+00   0.0000000e+00
   7.0000000e-02  -9.1607143e-02  -3.0000000e-02   0.0000000e+00   0.0000000e+00   0.0000000e+00
   7.0000000e-02  -9.3696429e-02  -3.1206250e-02   0.0000000e+00   0.0000000e+00   0.0000000e+00
   7.0000000e-02  -1.0205357e-01  -3.3618749e-02   0.0000000e+00   0.0000000e+00   0.0000000e+00
   7.0000000e-02  -9.9964286e-02  -3.4824999e-02   0.0000000e+00   0.0000000e+00   0.0000000e+00
   7.0000000e-02  -1.0205357e-01  -3.6031248e-02   0.0000000e+00   0.0000000e+00   0.0000000e+00
   7.0000000e-02  -9.8571429e-02  -3.0000000e-02   0.0000000e+00   0.0000000e+00   0.0000000e+00
   7.0000000e-02  -1.0866071e-01  -2.3968752e-02   0.0000000e+00   0.0000000e+00   0.0000000e+00
   7.0000000e-02  -1.0866071e-01  -2.6381251e-02   0.0000000e+00   0.0000000e+00   0.0000000e+00
   7.0000000e-02  -1.1075000e-01  -2.5175001e-02   0.0000000e+00   0.0000000e+00   0.0000000e+00
   7.0000000e-02  -1.0866071e-01  -3.3618749e-02   0.0000000e+00   0.0000000e+00   0.0000000e+00
   7.0000000e-02  -1.0866071e-01  -3.6031248e-02   0.0000000e+00   0.0000000e+00   0.0000000e+00
   7.0000000e-02  -1.1075000e-01  -3.4824999e-02   0.0000000e+00   0.0000000e+00   0.0000000e+00
   7.0000000e-02  -1.1701786e-01  -2.8793750e-02   0.0000000e+00   0.0000000e+00   0.0000000e+00
   7.0000000e-02  -1.1701786e-01  -3.1206250e-02   0.0000000e+00   0.0000000e+00   0.0000000e+00
   7.0000000e-02  -1.1910714e-01  -3.0000000e-02   0.0000000e+00   0.0000000e+00   0.0000000e+00
   7.0000000e-02  -1.1214286e-01  -3.0000000e-02   0.0000000e+00   0.0000000e+00   0.0000000e+00
