   7.0891635e-02   2.1683036e-01   6.0272838e-02   0.0000000e+00   0.0000000e+00   0.0000000e+00
   6.9487293e-02   2.1683036e-01   6.2963703e-02   0.0000000e+00   0.0000000e+00   0.0000000e+00
   7.0339512e-02   2.1916071e-01   6.1618271e-02   0.0000000e+00   0.0000000e+00   0.0000000e+00
   6.5003811e-02   2.1683036e-01   7.1036297e-02   0.0000000e+00   0.0000000e+00   0.0000000e+00
   6.3446413e-02   2.1683036e-01   7.3727162e-02   0.0000000e+00   0.0000000e+00   0.0000000e+00
   6.4371079e-02   2.1916071e-01   7.2381729e-02   0.0000000e+00   0.0000000e+00   0.0000000e+00
   6.8440400e-02   2.2615179e-01   6.5654568e-02   0.0000000e+00   0.0000000e+00   0.0000000e+00
   6.6943176e-02   2.2615179e-01   6.8345432e-02   0.0000000e+00   0.0000000e+00   0.0000000e+00
   6.7728964e-02   2.2848214e-01   6.7000000e-02   0.0000000e+00   0.0000000e+00   0.0000000e+00
   6.7512320e-02   2.2071429e-01   6.7000000e-02   0.0000000e+00   0.0000000e+00   0.0000000e+00
   7.3356482e-02   2.1937500e-01   5.5571429e-02   0.0000000e+00   0.0000000e+00   0.0000000e+00
   7.2829276e-02   2.2170536e-01   5.6916861e-02   0.0000000e+00   0.0000000e+00   0.0000000e+00
   7.4092781e-02   2.2170536e-01   5.4225996e-02   0.0000000e+00   0.0000000e+00   0.0000000e+00
   7.0983579e-02   2.2869643e-01   6.0953158e-02   0.0000000e+00   0.0000000e+00   0.0000000e+00
   7.0282882e-02   2.3102679e-01   6.2298590e-02   0.0000000e+00   0.0000000e+00   0.0000000e+00
   7.1673566e-02   2.3102679e-01   5.9607726e-02   0.0000000e+00   0.0000000e+00   0.0000000e+00
   7.6020333e-02   2.2869643e-01   5.0189699e-02   0.0000000e+00   0.0000000e+00   0.0000000e+00
   7.5457171e-02   2.3102679e-01   5.1535132e-02   0.0000000e+00   0.0000000e+00   0.0000000e+00
   7.6565896e-02   2.3102679e-01   4.8844267e-02   0.0000000e+00   0.0000000e+00   0.0000000e+00
   7.3626485e-02   2.2714286e-01   5.5571429e-02   0.0000000e+00   0.0000000e+00   0.0000000e+00
   7.6471862e-02   2.3611607e-01   4.8844267e-02   0.0000000e+00   0.0000000e+00   0.0000000e+00
   7.5363137e-02   2.3611607e-01   5.1535132e-02   0.0000000e+00   0.0000000e+00   0.0000000e+00
   7.5840434e-02   2.3844643e-01   5.0189699e-02   0.0000000e+00   0.0000000e+00   0.0000000e+00
   7.1579532e-02   2.3611607e-01   5.9607726e-02   0.0000000e+00   0.0000000e+00   0.0000000e+00
   7.0188848e-02   2.3611607e-01   6.2298590e-02   0.0000000e+00   0.0000000e+00   0.0000000e+00
   7.0803681e-02   2.3844643e-01   6.0953158e-02   0.0000000e+00   0.0000000e+00   0.0000000e+00
   7.3659019e-02   2.4543750e-01   5.4225996e-02   0.0000000e+00   0.0000000e+00   0.0000000e+00
   7.2395514e-02   2.4543750e-01   5.6916861e-02   0.0000000e+00   0.0000000e+00   0.0000000e+00
   7.2840082e-02   2.4776786e-01   5.5571429e-02   0.0000000e+00   0.0000000e+00   0.0000000e+00
   7.3389593e-02   2.4000000e-01   5.5571429e-02   0.0000000e+00   0.0000000e+00   0.0000000e+00
   7.5295486e-02   2.1683036e-01   5.0870019e-02   0.0000000e+00   0.0000000e+00   0.0000000e+00
   7.5993320e-02   2.1916071e-01   4.9524586e-02   0.0000000e+00   0.0000000e+00   0.0000000e+00
   7.6383325e-02   2.1683036e-01   4.8179154e-02   0.0000000e+00   0.0000000e+00   0.0000000e+00
   7.7790898e-02   2.2615179e-01   4.5488289e-02   0.0000000e+00   0.0000000e+00   0.0000000e+00
   7.8288348e-02   2.2848214e-01   4.4142857e-02   0.0000000e+00   0.0000000e+00   0.0000000e+00
   7.8697004e-02   2.2615179e-01   4.2797425e-02   0.0000000e+00   0.0000000e+00   0.0000000e+00
   7.9096688e-02   2.1683036e-01   4.0106560e-02   0.0000000e+00   0.0000000e+00   0.0000000e+00
   7.9605361e-02   2.1916071e-01   3.8761128e-02   0.0000000e+00   0.0000000e+00   0.0000000e+00
   7.9801266e-02   2.1683036e-01   3.7415696e-02   0.0000000e+00   0.0000000e+00   0.0000000e+00
   7.8071704e-02   2.2071429e-01   4.4142857e-02   0.0000000e+00   0.0000000e+00   0.0000000e+00
   8.0929004e-02   2.1937500e-01   3.2714286e-02   0.0000000e+00   0.0000000e+00   0.0000000e+00
   8.0798367e-02   2.2170536e-01   3.4059718e-02   0.0000000e+00   0.0000000e+00   0.0000000e+00
   8.1258378e-02   2.2170536e-01   3.1368853e-02   0.0000000e+00   0.0000000e+00   0.0000000e+00
   8.0074886e-02   2.2869643e-01   3.8096015e-02   0.0000000e+00   0.0000000e+00   0.0000000e+00
   7.9724059e-02   2.3102679e-01   3.9441447e-02   0.0000000e+00   0.0000000e+00   0.0000000e+00
   8.0402569e-02   2.3102679e-01   3.6750583e-02   0.0000000e+00   0.0000000e+00   0.0000000e+00
   8.1908643e-02   2.2869643e-01   2.7332556e-02   0.0000000e+00   0.0000000e+00   0.0000000e+00
   8.1780086e-02   2.3102679e-01   2.8677989e-02   0.0000000e+00   0.0000000e+00   0.0000000e+00
   8.2011549e-02   2.3102679e-01   2.5987124e-02   0.0000000e+00   0.0000000e+00   0.0000000e+00
   8.1199008e-02   2.2714286e-01   3.2714286e-02   0.0000000e+00   0.0000000e+00   0.0000000e+00
   8.1404599e-02   2.1683036e-01   2.8012876e-02   0.0000000e+00   0.0000000e+00   0.0000000e+00
   8.1663772e-02   2.1916071e-01   2.6667444e-02   0.0000000e+00   0.0000000e+00   0.0000000e+00
   8.1607362e-02   2.1683036e-01   2.5322011e-02   0.0000000e+00   0.0000000e+00   0.0000000e+00
   8.2101289e-02   2.2615179e-01   2.2631147e-02   0.0000000e+00   0.0000000e+00   0.0000000e+00
   8.2132758e-02   2.2848214e-01   2.1285714e-02   0.0000000e+00   0.0000000e+00   0.0000000e+00
   8.2070176e-02   2.2615179e-01   1.9940282e-02   0.0000000e+00   0.0000000e+00   0.0000000e+00
   8.1514192e-02   2.1683036e-01   1.7249417e-02   0.0000000e+00   0.0000000e+00   0.0000000e+00
   8.1539744e-02   2.1916071e-01   1.5903985e-02   0.0000000e+00   0.0000000e+00   0.0000000e+00
   8.1249882e-02   2.1683036e-01   1.4558553e-02   0.0000000e+00   0.0000000e+00   0.0000000e+00
   8.1916114e-02   2.2071429e-01   2.1285714e-02   0.0000000e+00   0.0000000e+00   0.0000000e+00
   8.0931628e-02   2.1102679e-01   2.8012876e-02   0.0000000e+00   0.0000000e+00   0.0000000e+00
   8.1134391e-02   2.1102679e-01   2.5322011e-02   0.0000000e+00   0.0000000e+00   0.0000000e+00
   8.0812272e-02   2.0869643e-01   2.6667444e-02   0.0000000e+00   0.0000000e+00   0.0000000e+00
   8.1041221e-02   2.1102679e-01   1.7249417e-02   0.0000000e+00   0.0000000e+00   0.0000000e+00
   8.0776911e-02   2.1102679e-01   1.4558553e-02   0.0000000e+00   0.0000000e+00   0.0000000e+00
   8.0688244e-02   2.0869643e-01   1.5903985e-02   0.0000000e+00   0.0000000e+00   0.0000000e+00
   8.0131558e-02   2.0170536e-01   2.2631147e-02   0.0000000e+00   0.0000000e+00   0.0000000e+00
   8.0100445e-02   2.0170536e-01   1.9940282e-02   0.0000000e+00   0.0000000e+00   0.0000000e+00
   7.9799333e-02   1.9937500e-01   2.1285714e-02   0.0000000e+00   0.0000000e+00   0.0000000e+00
   8.0813441e-02   2.0714286e-01   2.1285714e-02   0.0000000e+00   0.0000000e+00   0.0000000e+00
   7.9179573e-02   1.9683036e-01   1.6584304e-02   0.0000000e+00   0.0000000e+00   0.0000000e+00
   7.9402845e-02   1.9916071e-01   1.5238872e-02   0.0000000e+00   0.0000000e+00   0.0000000e+00
   7.8886741e-02   1.9683036e-01   1.3893440e-02   0.0000000e+00   0.0000000e+00   0.0000000e+00
   7.9765877e-02   2.0615179e-01   1.1202575e-02   0.0000000e+00   0.0000000e+00   0.0000000e+00
   7.9782773e-02   2.0848214e-01   9.8571429e-03   0.0000000e+00   0.0000000e+00   0.0000000e+00
   7.9246685e-02   2.0615179e-01   8.5117105e-03   0.0000000e+00   0.0000000e+00   0.0000000e+00
   7.7332005e-02   1.9683036e-01   5.8208459e-03   0.0000000e+00   0.0000000e+00   0.0000000e+00
   7.7333173e-02   1.9916071e-01   4.4754136e-03   0.0000000e+00   0.0000000e+00   0.0000000e+00
   7.6597795e-02   1.9683036e-01   3.1299812e-03   0.0000000e+00   0.0000000e+00   0.0000000e+00
   7.8813894e-02   2.0071429e-01   9.8571429e-03   0.0000000e+00   0.0000000e+00   0.0000000e+00
   7.5460334e-02   1.9937500e-01  -1.5714286e-03   0.0000000e+00   0.0000000e+00   0.0000000e+00
   7.6258194e-02   2.0170536e-01  -2.2599625e-04   0.0000000e+00   0.0000000e+00   0.0000000e+00
   7.5301746e-02   2.0170536e-01  -2.9168609e-03   0.0000000e+00   0.0000000e+00   0.0000000e+00
   7.8365015e-02   2.0869643e-01   3.8103007e-03   0.0000000e+00   0.0000000e+00   0.0000000e+00
   7.8967307e-02   2.1102679e-01   5.1557330e-03   0.0000000e+00   0.0000000e+00   0.0000000e+00
   7.8207545e-02   2.1102679e-01   2.4648684e-03   0.0000000e+00   0.0000000e+00   0.0000000e+00
   7.4552292e-02   2.0869643e-01  -6.9531579e-03   0.0000000e+00   0.0000000e+00   0.0000000e+00
   7.5343431e-02   2.1102679e-01  -5.6077255e-03   0.0000000e+00   0.0000000e+00   0.0000000e+00
   7.4211191e-02   2.1102679e-01  -8.2985902e-03   0.0000000e+00   0.0000000e+00   0.0000000e+00
   7.6474443e-02   2.0714286e-01  -1.5714286e-03   0.0000000e+00   0.0000000e+00   0.0000000e+00
   7.8205748e-02   1.9102679e-01   1.6584304e-02   0.0000000e+00   0.0000000e+00   0.0000000e+00
   7.7912916e-02   1.9102679e-01   1.3893440e-02   0.0000000e+00   0.0000000e+00   0.0000000e+00
   7.7649645e-02   1.8869643e-01   1.5238872e-02   0.0000000e+00   0.0000000e+00   0.0000000e+00
   7.6358180e-02   1.9102679e-01   5.8208459e-03   0.0000000e+00   0.0000000e+00   0.0000000e+00
   7.5623970e-02   1.9102679e-01   3.1299812e-03   0.0000000e+00   0.0000000e+00   0.0000000e+00
   7.5579973e-02   1.8869643e-01   4.4754136e-03   0.0000000e+00   0.0000000e+00   0.0000000e+00
   7.5710295e-02   1.8170536e-01   1.1202575e-02   0.0000000e+00   0.0000000e+00   0.0000000e+00
   7.5191103e-02   1.8170536e-01   8.5117105e-03   0.0000000e+00   0.0000000e+00   0.0000000e+00
   7.4978361e-02   1.7937500e-01   9.8571429e-03   0.0000000e+00   0.0000000e+00   0.0000000e+00
   7.6543543e-02   1.8714286e-01   9.8571429e-03   0.0000000e+00   0.0000000e+00   0.0000000e+00
   7.7974667e-02   1.8848214e-01   2.1285714e-02   0.0000000e+00   0.0000000e+00   0.0000000e+00
   7.7501533e-02   1.8615179e-01   1.9940282e-02   0.0000000e+00   0.0000000e+00   0.0000000e+00
   7.7532647e-02   1.8615179e-01   2.2631147e-02   0.0000000e+00   0.0000000e+00   0.0000000e+00
   7.5815577e-02   1.7916071e-01   1.5903985e-02   0.0000000e+00   0.0000000e+00   0.0000000e+00
   7.5169287e-02   1.7683036e-01   1.4558553e-02   0.0000000e+00   0.0000000e+00   0.0000000e+00
   7.5433597e-02   1.7683036e-01   1.7249417e-02   0.0000000e+00   0.0000000e+00   0.0000000e+00
   7.5939605e-02   1.7916071e-01   2.6667444e-02   0.0000000e+00   0.0000000e+00   0.0000000e+00
   7.5526767e-02   1.7683036e-01   2.5322011e-02   0.0000000e+00   0.0000000e+00   0.0000000e+00
   7.5324004e-02   1.7683036e-01   2.8012876e-02   0.0000000e+00   0.0000000e+00   0.0000000e+00
   7.6437975e-02   1.8071429e-01   2.1285714e-02   0.0000000e+00   0.0000000e+00   0.0000000e+00
   8.0042794e-02   2.0848214e-01   3.2714286e-02   0.0000000e+00   0.0000000e+00   0.0000000e+00
   7.9996129e-02   2.0615179e-01   3.1368853e-02   0.0000000e+00   0.0000000e+00   0.0000000e+00
   7.9536118e-02   2.0615179e-01   3.4059718e-02   0.0000000e+00   0.0000000e+00   0.0000000e+00
   7.9542068e-02   1.9916071e-01   2.7332556e-02   0.0000000e+00   0.0000000e+00   0.0000000e+00
   7.9288016e-02   1.9683036e-01   2.5987124e-02   0.0000000e+00   0.0000000e+00   0.0000000e+00
   7.9056553e-02   1.9683036e-01   2.8677989e-02   0.0000000e+00   0.0000000e+00   0.0000000e+00
   7.7708310e-02   1.9916071e-01   3.8096015e-02   0.0000000e+00   0.0000000e+00   0.0000000e+00
   7.7679037e-02   1.9683036e-01   3.6750583e-02   0.0000000e+00   0.0000000e+00   0.0000000e+00
   7.7000527e-02   1.9683036e-01   3.9441447e-02   0.0000000e+00   0.0000000e+00   0.0000000e+00
   7.9073914e-02   2.0071429e-01   3.2714286e-02   0.0000000e+00   0.0000000e+00   0.0000000e+00
   7.6026702e-02   1.9102679e-01   3.9441447e-02   0.0000000e+00   0.0000000e+00   0.0000000e+00
   7.6705211e-02   1.9102679e-01   3.6750583e-02   0.0000000e+00   0.0000000e+00   0.0000000e+00
   7.5955111e-02   1.8869643e-01   3.8096015e-02   0.0000000e+00   0.0000000e+00   0.0000000e+00
   7.8082728e-02   1.9102679e-01   2.8677989e-02   0.0000000e+00   0.0000000e+00   0.0000000e+00
   7.8314191e-02   1.9102679e-01   2.5987124e-02   0.0000000e+00   0.0000000e+00   0.0000000e+00
   7.7788868e-02   1.8869643e-01   2.7332556e-02   0.0000000e+00   0.0000000e+00   0.0000000e+00
   7.5480536e-02   1.8170536e-01   3.4059718e-02   0.0000000e+00   0.0000000e+00   0.0000000e+00
   7.5940547e-02   1.8170536e-01   3.1368853e-02   0.0000000e+00   0.0000000e+00   0.0000000e+00
   7.5238381e-02   1.7937500e-01   3.2714286e-02   0.0000000e+00   0.0000000e+00   0.0000000e+00
   7.6803563e-02   1.8714286e-01   3.2714286e-02   0.0000000e+00   0.0000000e+00   0.0000000e+00
   7.9328295e-02   2.1102679e-01   3.7415696e-02   0.0000000e+00   0.0000000e+00   0.0000000e+00
   7.8753860e-02   2.0869643e-01   3.8761128e-02   0.0000000e+00   0.0000000e+00   0.0000000e+00
   7.8623717e-02   2.1102679e-01   4.0106560e-02   0.0000000e+00   0.0000000e+00   0.0000000e+00
   7.6727273e-02   2.0170536e-01   4.2797425e-02   0.0000000e+00   0.0000000e+00   0.0000000e+00
   7.5954923e-02   1.9937500e-01   4.4142857e-02   0.0000000e+00   0.0000000e+00   0.0000000e+00
   7.5821167e-02   2.0170536e-01   4.5488289e-02   0.0000000e+00   0.0000000e+00   0.0000000e+00
   7.5910354e-02   2.1102679e-01   4.8179154e-02   0.0000000e+00   0.0000000e+00   0.0000000e+00
   7.5141819e-02   2.0869643e-01   4.9524586e-02   0.0000000e+00   0.0000000e+00   0.0000000e+00
   7.4822515e-02   2.1102679e-01   5.0870019e-02   0.0000000e+00   0.0000000e+00   0.0000000e+00
   7.6969031e-02   2.0714286e-01   4.4142857e-02   0.0000000e+00   0.0000000e+00   0.0000000e+00
   7.2470271e-02   2.0848214e-01   5.5571429e-02   0.0000000e+00   0.0000000e+00   0.0000000e+00
   7.2830532e-02   2.0615179e-01   5.4225996e-02   0.0000000e+00   0.0000000e+00   0.0000000e+00
   7.1567027e-02   2.0615179e-01   5.6916861e-02   0.0000000e+00   0.0000000e+00   0.0000000e+00
   7.3653757e-02   1.9916071e-01   5.0189699e-02   0.0000000e+00   0.0000000e+00   0.0000000e+00
   7.3842363e-02   1.9683036e-01   4.8844267e-02   0.0000000e+00   0.0000000e+00   0.0000000e+00
   7.2733639e-02   1.9683036e-01   5.1535132e-02   0.0000000e+00   0.0000000e+00   0.0000000e+00
   6.8617003e-02   1.9916071e-01   6.0953158e-02   0.0000000e+00   0.0000000e+00   0.0000000e+00
   6.8950033e-02   1.9683036e-01   5.9607726e-02   0.0000000e+00   0.0000000e+00   0.0000000e+00
   6.7559350e-02   1.9683036e-01   6.2298590e-02   0.0000000e+00   0.0000000e+00   0.0000000e+00
   7.1501392e-02   2.0071429e-01   5.5571429e-02   0.0000000e+00   0.0000000e+00   0.0000000e+00
   7.0418663e-02   2.1102679e-01   6.0272838e-02   0.0000000e+00   0.0000000e+00   0.0000000e+00
   6.9488011e-02   2.0869643e-01   6.1618271e-02   0.0000000e+00   0.0000000e+00   0.0000000e+00
   6.9014322e-02   2.1102679e-01   6.2963703e-02   0.0000000e+00   0.0000000e+00   0.0000000e+00
   6.6470669e-02   2.0170536e-01   6.5654568e-02   0.0000000e+00   0.0000000e+00   0.0000000e+00
   6.5395538e-02   1.9937500e-01   6.7000000e-02   0.0000000e+00   0.0000000e+00   0.0000000e+00
   6.4973445e-02   2.0170536e-01   6.8345432e-02   0.0000000e+00   0.0000000e+00   0.0000000e+00
   6.4530840e-02   2.1102679e-01   7.1036297e-02   0.0000000e+00   0.0000000e+00   0.0000000e+00
   6.3519578e-02   2.0869643e-01   7.2381729e-02   0.0000000e+00   0.0000000e+00   0.0000000e+00
   6.2973442e-02   2.1102679e-01   7.3727162e-02   0.0000000e+00   0.0000000e+00   0.0000000e+00
   6.6409647e-02   2.0714286e-01   6.7000000e-02   0.0000000e+00   0.0000000e+00   0.0000000e+00
   6.7928274e-02   2.7937500e-01   5.5571429e-02   0.0000000e+00   0.0000000e+00   0.0000000e+00
   6.6795572e-02   2.8170536e-01   5.6916861e-02   0.0000000e+00   0.0000000e+00   0.0000000e+00
   6.8059077e-02   2.8170536e-01   5.4225996e-02   0.0000000e+00   0.0000000e+00   0.0000000e+00
   6.3234592e-02   2.8869643e-01   6.0953158e-02   0.0000000e+00   0.0000000e+00   0.0000000e+00
   6.2000873e-02   2.9102679e-01   6.2298590e-02   0.0000000e+00   0.0000000e+00   0.0000000e+00
   6.3391557e-02   2.9102679e-01   5.9607726e-02   0.0000000e+00   0.0000000e+00   0.0000000e+00
   6.8271345e-02   2.8869643e-01   5.0189699e-02   0.0000000e+00   0.0000000e+00   0.0000000e+00
   6.7175162e-02   2.9102679e-01   5.1535132e-02   0.0000000e+00   0.0000000e+00   0.0000000e+00
   6.8283886e-02   2.9102679e-01   4.8844267e-02   0.0000000e+00   0.0000000e+00   0.0000000e+00
   6.6244238e-02   2.8714286e-01   5.5571429e-02   0.0000000e+00   0.0000000e+00   0.0000000e+00
   6.7103224e-02   2.9611607e-01   4.8844267e-02   0.0000000e+00   0.0000000e+00   0.0000000e+00
   6.5994500e-02   2.9611607e-01   5.1535132e-02   0.0000000e+00   0.0000000e+00   0.0000000e+00
   6.6012596e-02   2.9844643e-01   5.0189699e-02   0.0000000e+00   0.0000000e+00   0.0000000e+00
   6.2210894e-02   2.9611607e-01   5.9607726e-02   0.0000000e+00   0.0000000e+00   0.0000000e+00
   6.0820211e-02   2.9611607e-01   6.2298590e-02   0.0000000e+00   0.0000000e+00   0.0000000e+00
   6.0975843e-02   2.9844643e-01   6.0953158e-02   0.0000000e+00   0.0000000e+00   0.0000000e+00
   6.2612891e-02   3.0543750e-01   5.4225996e-02   0.0000000e+00   0.0000000e+00   0.0000000e+00
   6.1349386e-02   3.0543750e-01   5.6916861e-02   0.0000000e+00   0.0000000e+00   0.0000000e+00
   6.1444516e-02   3.0776786e-01   5.5571429e-02   0.0000000e+00   0.0000000e+00   0.0000000e+00
   6.3269885e-02   3.0000000e-01   5.5571429e-02   0.0000000e+00   0.0000000e+00   0.0000000e+00
   7.0544674e-02   2.7683036e-01   5.0870019e-02   0.0000000e+00   0.0000000e+00   0.0000000e+00
   7.0621529e-02   2.7916071e-01   4.9524586e-02   0.0000000e+00   0.0000000e+00   0.0000000e+00
   7.1632513e-02   2.7683036e-01   4.8179154e-02   0.0000000e+00   0.0000000e+00   0.0000000e+00
   7.0647135e-02   2.8615179e-01   4.5488289e-02   0.0000000e+00   0.0000000e+00   0.0000000e+00
   7.0589418e-02   2.8848214e-01   4.4142857e-02   0.0000000e+00   0.0000000e+00   0.0000000e+00
   7.1553241e-02   2.8615179e-01   4.2797425e-02   0.0000000e+00   0.0000000e+00   0.0000000e+00
   7.4345875e-02   2.7683036e-01   4.0106560e-02   0.0000000e+00   0.0000000e+00   0.0000000e+00
   7.4233571e-02   2.7916071e-01   3.8761128e-02   0.0000000e+00   0.0000000e+00   0.0000000e+00
   7.5050453e-02   2.7683036e-01   3.7415696e-02   0.0000000e+00   0.0000000e+00   0.0000000e+00
   7.2293665e-02   2.8071429e-01   4.4142857e-02   0.0000000e+00   0.0000000e+00   0.0000000e+00
   7.5500796e-02   2.7937500e-01   3.2714286e-02   0.0000000e+00   0.0000000e+00   0.0000000e+00
   7.4764664e-02   2.8170536e-01   3.4059718e-02   0.0000000e+00   0.0000000e+00   0.0000000e+00
   7.5224674e-02   2.8170536e-01   3.1368853e-02   0.0000000e+00   0.0000000e+00   0.0000000e+00
   7.2325899e-02   2.8869643e-01   3.8096015e-02   0.0000000e+00   0.0000000e+00   0.0000000e+00
   7.1442050e-02   2.9102679e-01   3.9441447e-02   0.0000000e+00   0.0000000e+00   0.0000000e+00
   7.2120560e-02   2.9102679e-01   3.6750583e-02   0.0000000e+00   0.0000000e+00   0.0000000e+00
   7.4159656e-02   2.8869643e-01   2.7332556e-02   0.0000000e+00   0.0000000e+00   0.0000000e+00
   7.3498077e-02   2.9102679e-01   2.8677989e-02   0.0000000e+00   0.0000000e+00   0.0000000e+00
   7.3729539e-02   2.9102679e-01   2.5987124e-02   0.0000000e+00   0.0000000e+00   0.0000000e+00
   7.3816761e-02   2.8714286e-01   3.2714286e-02   0.0000000e+00   0.0000000e+00   0.0000000e+00
   7.6653786e-02   2.7683036e-01   2.8012876e-02   0.0000000e+00   0.0000000e+00   0.0000000e+00
   7.6291982e-02   2.7916071e-01   2.6667444e-02   0.0000000e+00   0.0000000e+00   0.0000000e+00
   7.6856549e-02   2.7683036e-01   2.5322011e-02   0.0000000e+00   0.0000000e+00   0.0000000e+00
   7.4957526e-02   2.8615179e-01   2.2631147e-02   0.0000000e+00   0.0000000e+00   0.0000000e+00
   7.4433828e-02   2.8848214e-01   2.1285714e-02   0.0000000e+00   0.0000000e+00   0.0000000e+00
   7.4926412e-02   2.8615179e-01   1.9940282e-02   0.0000000e+00   0.0000000e+00   0.0000000e+00
   7.6763380e-02   2.7683036e-01   1.7249417e-02   0.0000000e+00   0.0000000e+00   0.0000000e+00
   7.6167954e-02   2.7916071e-01   1.5903985e-02   0.0000000e+00   0.0000000e+00   0.0000000e+00
   7.6499070e-02   2.7683036e-01   1.4558553e-02   0.0000000e+00   0.0000000e+00   0.0000000e+00
   7.6138075e-02   2.8071429e-01   2.1285714e-02   0.0000000e+00   0.0000000e+00   0.0000000e+00
   7.7777930e-02   2.7102679e-01   2.8012876e-02   0.0000000e+00   0.0000000e+00   0.0000000e+00
   7.7980693e-02   2.7102679e-01   2.5322011e-02   0.0000000e+00   0.0000000e+00   0.0000000e+00
   7.8315803e-02   2.6869643e-01   2.6667444e-02   0.0000000e+00   0.0000000e+00   0.0000000e+00
   7.7887523e-02   2.7102679e-01   1.7249417e-02   0.0000000e+00   0.0000000e+00   0.0000000e+00
   7.7623213e-02   2.7102679e-01   1.4558553e-02   0.0000000e+00   0.0000000e+00   0.0000000e+00
   7.8191775e-02   2.6869643e-01   1.5903985e-02   0.0000000e+00   0.0000000e+00   0.0000000e+00
   7.9639122e-02   2.6170536e-01   2.2631147e-02   0.0000000e+00   0.0000000e+00   0.0000000e+00
   7.9608009e-02   2.6170536e-01   1.9940282e-02   0.0000000e+00   0.0000000e+00   0.0000000e+00
   7.9979843e-02   2.5937500e-01   2.1285714e-02   0.0000000e+00   0.0000000e+00   0.0000000e+00
   7.8758874e-02   2.6714286e-01   2.1285714e-02   0.0000000e+00   0.0000000e+00   0.0000000e+00
   7.7607115e-02   2.6848214e-01   3.2714286e-02   0.0000000e+00   0.0000000e+00   0.0000000e+00
   7.8224750e-02   2.6615179e-01   3.1368853e-02   0.0000000e+00   0.0000000e+00   0.0000000e+00
   7.7764740e-02   2.6615179e-01   3.4059718e-02   0.0000000e+00   0.0000000e+00   0.0000000e+00
   7.9784461e-02   2.5916071e-01   2.7332556e-02   0.0000000e+00   0.0000000e+00   0.0000000e+00
   8.0202749e-02   2.5683036e-01   2.5987124e-02   0.0000000e+00   0.0000000e+00   0.0000000e+00
   7.9971286e-02   2.5683036e-01   2.8677989e-02   0.0000000e+00   0.0000000e+00   0.0000000e+00
   7.7950704e-02   2.5916071e-01   3.8096015e-02   0.0000000e+00   0.0000000e+00   0.0000000e+00
   7.8593770e-02   2.5683036e-01   3.6750583e-02   0.0000000e+00   0.0000000e+00   0.0000000e+00
   7.7915260e-02   2.5683036e-01   3.9441447e-02   0.0000000e+00   0.0000000e+00   0.0000000e+00
   7.8867619e-02   2.6071429e-01   3.2714286e-02   0.0000000e+00   0.0000000e+00   0.0000000e+00
   7.6174597e-02   2.7102679e-01   3.7415696e-02   0.0000000e+00   0.0000000e+00   0.0000000e+00
   7.6257392e-02   2.6869643e-01   3.8761128e-02   0.0000000e+00   0.0000000e+00   0.0000000e+00
   7.5470019e-02   2.7102679e-01   4.0106560e-02   0.0000000e+00   0.0000000e+00   0.0000000e+00
   7.6234838e-02   2.6170536e-01   4.2797425e-02   0.0000000e+00   0.0000000e+00   0.0000000e+00
   7.6135433e-02   2.5937500e-01   4.4142857e-02   0.0000000e+00   0.0000000e+00   0.0000000e+00
   7.5328732e-02   2.6170536e-01   4.5488289e-02   0.0000000e+00   0.0000000e+00   0.0000000e+00
   7.2756656e-02   2.7102679e-01   4.8179154e-02   0.0000000e+00   0.0000000e+00   0.0000000e+00
   7.2645351e-02   2.6869643e-01   4.9524586e-02   0.0000000e+00   0.0000000e+00   0.0000000e+00
   7.1668817e-02   2.7102679e-01   5.0870019e-02   0.0000000e+00   0.0000000e+00   0.0000000e+00
   7.4914464e-02   2.6714286e-01   4.4142857e-02   0.0000000e+00   0.0000000e+00   0.0000000e+00
   7.0034593e-02   2.6848214e-01   5.5571429e-02   0.0000000e+00   0.0000000e+00   0.0000000e+00
   7.1059153e-02   2.6615179e-01   5.4225996e-02   0.0000000e+00   0.0000000e+00   0.0000000e+00
   6.9795648e-02   2.6615179e-01   5.6916861e-02   0.0000000e+00   0.0000000e+00   0.0000000e+00
   7.3896150e-02   2.5916071e-01   5.0189699e-02   0.0000000e+00   0.0000000e+00   0.0000000e+00
   7.4757096e-02   2.5683036e-01   4.8844267e-02   0.0000000e+00   0.0000000e+00   0.0000000e+00
   7.3648372e-02   2.5683036e-01   5.1535132e-02   0.0000000e+00   0.0000000e+00   0.0000000e+00
   6.8859397e-02   2.5916071e-01   6.0953158e-02   0.0000000e+00   0.0000000e+00   0.0000000e+00
   6.9864766e-02   2.5683036e-01   5.9607726e-02   0.0000000e+00   0.0000000e+00   0.0000000e+00
   6.8474083e-02   2.5683036e-01   6.2298590e-02   0.0000000e+00   0.0000000e+00   0.0000000e+00
   7.1295096e-02   2.6071429e-01   5.5571429e-02   0.0000000e+00   0.0000000e+00   0.0000000e+00
   6.6524898e-02   2.2848214e-01  -2.5142857e-02   0.0000000e+00   0.0000000e+00   0.0000000e+00
   6.5725950e-02   2.2615179e-01  -2.6488289e-02   0.0000000e+00   0.0000000e+00   0.0000000e+00
   6.7251142e-02   2.2615179e-01  -2.3797425e-02   0.0000000e+00   0.0000000e+00   0.0000000e+00
   6.3124419e-02   2.1916071e-01  -3.0524586e-02   0.0000000e+00   0.0000000e+00   0.0000000e+00
   6.2193337e-02   2.1683036e-01  -3.1870019e-02   0.0000000e+00   0.0000000e+00   0.0000000e+00
   6.3765273e-02   2.1683036e-01  -2.9179154e-02   0.0000000e+00   0.0000000e+00   0.0000000e+00
   6.9204344e-02   2.1916071e-01  -1.9761128e-02   0.0000000e+00   0.0000000e+00   0.0000000e+00
   6.8332508e-02   2.1683036e-01  -2.1106560e-02   0.0000000e+00   0.0000000e+00   0.0000000e+00
   6.9777637e-02   2.1683036e-01  -1.8415696e-02   0.0000000e+00   0.0000000e+00   0.0000000e+00
   6.6308254e-02   2.2071429e-01  -2.5142857e-02   0.0000000e+00   0.0000000e+00   0.0000000e+00
   6.9371657e-02   2.1174107e-01  -1.8415696e-02   0.0000000e+00   0.0000000e+00   0.0000000e+00
   6.7926527e-02   2.1174107e-01  -2.1106560e-02   0.0000000e+00   0.0000000e+00   0.0000000e+00
   6.8427655e-02   2.0941071e-01  -1.9761128e-02   0.0000000e+00   0.0000000e+00   0.0000000e+00
   6.3359293e-02   2.1174107e-01  -2.9179154e-02   0.0000000e+00   0.0000000e+00   0.0000000e+00
   6.1787357e-02   2.1174107e-01  -3.1870019e-02   0.0000000e+00   0.0000000e+00   0.0000000e+00
   6.2347730e-02   2.0941071e-01  -3.0524586e-02   0.0000000e+00   0.0000000e+00   0.0000000e+00
   6.5378426e-02   2.0241964e-01  -2.3797425e-02   0.0000000e+00   0.0000000e+00   0.0000000e+00
   6.3853234e-02   2.0241964e-01  -2.6488289e-02   0.0000000e+00   0.0000000e+00   0.0000000e+00
   6.4295405e-02   2.0008929e-01  -2.5142857e-02   0.0000000e+00   0.0000000e+00   0.0000000e+00
   6.5285499e-02   2.0785714e-01  -2.5142857e-02   0.0000000e+00   0.0000000e+00   0.0000000e+00
   7.1442006e-02   2.0848214e-01  -1.3714286e-02   0.0000000e+00   0.0000000e+00   0.0000000e+00
   7.0512407e-02   2.0615179e-01  -1.5059718e-02   0.0000000e+00   0.0000000e+00   0.0000000e+00
   7.1830028e-02   2.0615179e-01  -1.2368853e-02   0.0000000e+00   0.0000000e+00   0.0000000e+00
   6.7492109e-02   1.9916071e-01  -1.9096015e-02   0.0000000e+00   0.0000000e+00   0.0000000e+00
   6.6414066e-02   1.9683036e-01  -2.0441447e-02   0.0000000e+00   0.0000000e+00   0.0000000e+00
   6.7847066e-02   1.9683036e-01  -1.7750583e-02   0.0000000e+00   0.0000000e+00   0.0000000e+00
   7.2744585e-02   1.9916071e-01  -8.3325564e-03   0.0000000e+00   0.0000000e+00   0.0000000e+00
   7.1792721e-02   1.9683036e-01  -9.6779887e-03   0.0000000e+00   0.0000000e+00   0.0000000e+00
   7.2966179e-02   1.9683036e-01  -6.9871241e-03   0.0000000e+00   0.0000000e+00   0.0000000e+00
   7.0473126e-02   2.0071429e-01  -1.3714286e-02   0.0000000e+00   0.0000000e+00   0.0000000e+00
   6.9137599e-02   2.3102679e-01  -2.0441447e-02   0.0000000e+00   0.0000000e+00   0.0000000e+00
   6.9858684e-02   2.2869643e-01  -1.9096015e-02   0.0000000e+00   0.0000000e+00   0.0000000e+00
   7.0570598e-02   2.3102679e-01  -1.7750583e-02   0.0000000e+00   0.0000000e+00   0.0000000e+00
   7.1774656e-02   2.2170536e-01  -1.5059718e-02   0.0000000e+00   0.0000000e+00   0.0000000e+00
   7.2328217e-02   2.1937500e-01  -1.3714286e-02   0.0000000e+00   0.0000000e+00   0.0000000e+00
   7.3092277e-02   2.2170536e-01  -1.2368853e-02   0.0000000e+00   0.0000000e+00   0.0000000e+00
   7.4516254e-02   2.3102679e-01  -9.6779887e-03   0.0000000e+00   0.0000000e+00   0.0000000e+00
   7.5111160e-02   2.2869643e-01  -8.3325564e-03   0.0000000e+00   0.0000000e+00   0.0000000e+00
   7.5689711e-02   2.3102679e-01  -6.9871241e-03   0.0000000e+00   0.0000000e+00   0.0000000e+00
   7.2598220e-02   2.2714286e-01  -1.3714286e-02   0.0000000e+00   0.0000000e+00   0.0000000e+00
   7.7536537e-02   2.2848214e-01  -2.2857143e-03   0.0000000e+00   0.0000000e+00   0.0000000e+00
   7.7002119e-02   2.2615179e-01  -3.6311466e-03   0.0000000e+00   0.0000000e+00   0.0000000e+00
   7.7983190e-02   2.2615179e-01  -9.4028196e-04   0.0000000e+00   0.0000000e+00   0.0000000e+00
   7.5100303e-02   2.1916071e-01  -7.6674436e-03   0.0000000e+00   0.0000000e+00   0.0000000e+00
   7.4370104e-02   2.1683036e-01  -9.0128759e-03   0.0000000e+00   0.0000000e+00   0.0000000e+00
   7.5523894e-02   2.1683036e-01  -6.3220113e-03   0.0000000e+00   0.0000000e+00   0.0000000e+00
   7.9011180e-02   2.1916071e-01   3.0960150e-03   0.0000000e+00   0.0000000e+00   0.0000000e+00
   7.8461743e-02   2.1683036e-01   1.7505827e-03   0.0000000e+00   0.0000000e+00   0.0000000e+00
   7.9248662e-02   2.1683036e-01   4.4414473e-03   0.0000000e+00   0.0000000e+00   0.0000000e+00
   7.7319893e-02   2.2071429e-01  -2.2857143e-03   0.0000000e+00   0.0000000e+00   0.0000000e+00
   7.9109161e-02   2.3102679e-01   2.4156955e-03   0.0000000e+00   0.0000000e+00   0.0000000e+00
   7.9501161e-02   2.2869643e-01   3.7611278e-03   0.0000000e+00   0.0000000e+00   0.0000000e+00
   7.9870802e-02   2.3102679e-01   5.1065602e-03   0.0000000e+00   0.0000000e+00   0.0000000e+00
   8.0352639e-02   2.2170536e-01   7.7974248e-03   0.0000000e+00   0.0000000e+00   0.0000000e+00
   8.0527240e-02   2.1937500e-01   9.1428571e-03   0.0000000e+00   0.0000000e+00   0.0000000e+00
   8.0901127e-02   2.2170536e-01   1.0488289e-02   0.0000000e+00   0.0000000e+00   0.0000000e+00
   8.1513266e-02   2.3102679e-01   1.3179154e-02   0.0000000e+00   0.0000000e+00   0.0000000e+00
   8.1687617e-02   2.2869643e-01   1.4524586e-02   0.0000000e+00   0.0000000e+00   0.0000000e+00
   8.1836618e-02   2.3102679e-01   1.5870019e-02   0.0000000e+00   0.0000000e+00   0.0000000e+00
   8.0797244e-02   2.2714286e-01   9.1428571e-03   0.0000000e+00   0.0000000e+00   0.0000000e+00
   7.8991250e-02   2.3683036e-01   2.4156955e-03   0.0000000e+00   0.0000000e+00   0.0000000e+00
   7.9752891e-02   2.3683036e-01   5.1065602e-03   0.0000000e+00   0.0000000e+00   0.0000000e+00
   7.9288883e-02   2.3916071e-01   3.7611278e-03   0.0000000e+00   0.0000000e+00   0.0000000e+00
   8.1395355e-02   2.3683036e-01   1.3179154e-02   0.0000000e+00   0.0000000e+00   0.0000000e+00
   8.1718707e-02   2.3683036e-01   1.5870019e-02   0.0000000e+00   0.0000000e+00   0.0000000e+00
   8.1475339e-02   2.3916071e-01   1.4524586e-02   0.0000000e+00   0.0000000e+00   0.0000000e+00
   7.9861589e-02   2.4615179e-01   7.7974248e-03   0.0000000e+00   0.0000000e+00   0.0000000e+00
   8.0410077e-02   2.4615179e-01   1.0488289e-02   0.0000000e+00   0.0000000e+00   0.0000000e+00
   7.9945521e-02   2.4848214e-01   9.1428571e-03   0.0000000e+00   0.0000000e+00   0.0000000e+00
   8.0522349e-02   2.4071429e-01   9.1428571e-03   0.0000000e+00   0.0000000e+00   0.0000000e+00
   8.0481403e-02   2.5102679e-01   1.3844267e-02   0.0000000e+00   0.0000000e+00   0.0000000e+00
   8.0875517e-02   2.4869643e-01   1.5189699e-02   0.0000000e+00   0.0000000e+00   0.0000000e+00
   8.0776340e-02   2.5102679e-01   1.6535132e-02   0.0000000e+00   0.0000000e+00   0.0000000e+00
   8.1727567e-02   2.4170536e-01   1.9225996e-02   0.0000000e+00   0.0000000e+00   0.0000000e+00
   8.1899437e-02   2.3937500e-01   2.0571429e-02   0.0000000e+00   0.0000000e+00   0.0000000e+00
   8.1789781e-02   2.4170536e-01   2.1916861e-02   0.0000000e+00   0.0000000e+00   0.0000000e+00
   8.0962643e-02   2.5102679e-01   2.4607726e-02   0.0000000e+00   0.0000000e+00   0.0000000e+00
   8.1123525e-02   2.4869643e-01   2.5953158e-02   0.0000000e+00   0.0000000e+00   0.0000000e+00
   8.0790777e-02   2.5102679e-01   2.7298590e-02   0.0000000e+00   0.0000000e+00   0.0000000e+00
   8.1373942e-02   2.4714286e-01   2.0571429e-02   0.0000000e+00   0.0000000e+00   0.0000000e+00
   8.0465462e-02   2.4848214e-01   3.2000000e-02   0.0000000e+00   0.0000000e+00   0.0000000e+00
   8.0870492e-02   2.4615179e-01   3.0654568e-02   0.0000000e+00   0.0000000e+00   0.0000000e+00
   8.0440344e-02   2.4615179e-01   3.3345432e-02   0.0000000e+00   0.0000000e+00   0.0000000e+00
   8.1753731e-02   2.3916071e-01   2.6618271e-02   0.0000000e+00   0.0000000e+00   0.0000000e+00
   8.1935552e-02   2.3683036e-01   2.5272838e-02   0.0000000e+00   0.0000000e+00   0.0000000e+00
   8.1734913e-02   2.3683036e-01   2.7963703e-02   0.0000000e+00   0.0000000e+00   0.0000000e+00
   8.0039015e-02   2.3916071e-01   3.7381729e-02   0.0000000e+00   0.0000000e+00   0.0000000e+00
   8.0446820e-02   2.3683036e-01   3.6036297e-02   0.0000000e+00   0.0000000e+00   0.0000000e+00
   7.9796558e-02   2.3683036e-01   3.8727162e-02   0.0000000e+00   0.0000000e+00   0.0000000e+00
   8.1042290e-02   2.4071429e-01   3.2000000e-02   0.0000000e+00   0.0000000e+00   0.0000000e+00
   7.7315607e-02   2.3937500e-01  -2.2857143e-03   0.0000000e+00   0.0000000e+00   0.0000000e+00
   7.7668514e-02   2.4170536e-01  -9.4028196e-04   0.0000000e+00   0.0000000e+00   0.0000000e+00
   7.6687442e-02   2.4170536e-01  -3.6311466e-03   0.0000000e+00   0.0000000e+00   0.0000000e+00
   7.8421197e-02   2.4869643e-01   3.0960150e-03   0.0000000e+00   0.0000000e+00   0.0000000e+00
   7.8569690e-02   2.5102679e-01   4.4414473e-03   0.0000000e+00   0.0000000e+00   0.0000000e+00
   7.7782771e-02   2.5102679e-01   1.7505827e-03   0.0000000e+00   0.0000000e+00   0.0000000e+00
   7.4510319e-02   2.4869643e-01  -7.6674436e-03   0.0000000e+00   0.0000000e+00   0.0000000e+00
   7.4844922e-02   2.5102679e-01  -6.3220113e-03   0.0000000e+00   0.0000000e+00   0.0000000e+00
   7.3691132e-02   2.5102679e-01  -9.0128759e-03   0.0000000e+00   0.0000000e+00   0.0000000e+00
   7.6790111e-02   2.4714286e-01  -2.2857143e-03   0.0000000e+00   0.0000000e+00   0.0000000e+00
   7.5571801e-02   2.3683036e-01  -6.9871241e-03   0.0000000e+00   0.0000000e+00   0.0000000e+00
   7.4898883e-02   2.3916071e-01  -8.3325564e-03   0.0000000e+00   0.0000000e+00   0.0000000e+00
   7.4398343e-02   2.3683036e-01  -9.6779887e-03   0.0000000e+00   0.0000000e+00   0.0000000e+00
   7.2601226e-02   2.4615179e-01  -1.2368853e-02   0.0000000e+00   0.0000000e+00   0.0000000e+00
   7.1746498e-02   2.4848214e-01  -1.3714286e-02   0.0000000e+00   0.0000000e+00   0.0000000e+00
   7.1283606e-02   2.4615179e-01  -1.5059718e-02   0.0000000e+00   0.0000000e+00   0.0000000e+00
   7.0452687e-02   2.3683036e-01  -1.7750583e-02   0.0000000e+00   0.0000000e+00   0.0000000e+00
   6.9646407e-02   2.3916071e-01  -1.9096015e-02   0.0000000e+00   0.0000000e+00   0.0000000e+00
   6.9019688e-02   2.3683036e-01  -2.0441447e-02   0.0000000e+00   0.0000000e+00   0.0000000e+00
   7.2323326e-02   2.4071429e-01  -1.3714286e-02   0.0000000e+00   0.0000000e+00   0.0000000e+00
   7.5099032e-02   2.7937500e-01   9.1428571e-03   0.0000000e+00   0.0000000e+00   0.0000000e+00
   7.4867423e-02   2.8170536e-01   1.0488289e-02   0.0000000e+00   0.0000000e+00   0.0000000e+00
   7.4318936e-02   2.8170536e-01   7.7974248e-03   0.0000000e+00   0.0000000e+00   0.0000000e+00
   7.3938629e-02   2.8869643e-01   1.4524586e-02   0.0000000e+00   0.0000000e+00   0.0000000e+00
   7.3554609e-02   2.9102679e-01   1.5870019e-02   0.0000000e+00   0.0000000e+00   0.0000000e+00
   7.3231256e-02   2.9102679e-01   1.3179154e-02   0.0000000e+00   0.0000000e+00   0.0000000e+00
   7.1752174e-02   2.8869643e-01   3.7611278e-03   0.0000000e+00   0.0000000e+00   0.0000000e+00
   7.1588793e-02   2.9102679e-01   5.1065602e-03   0.0000000e+00   0.0000000e+00   0.0000000e+00
   7.0827152e-02   2.9102679e-01   2.4156955e-03   0.0000000e+00   0.0000000e+00   0.0000000e+00
   7.3414996e-02   2.8714286e-01   9.1428571e-03   0.0000000e+00   0.0000000e+00   0.0000000e+00
   7.4497850e-02   2.7683036e-01   4.4414473e-03   0.0000000e+00   0.0000000e+00   0.0000000e+00
   7.3639390e-02   2.7916071e-01   3.0960150e-03   0.0000000e+00   0.0000000e+00   0.0000000e+00
   7.3710930e-02   2.7683036e-01   1.7505827e-03   0.0000000e+00   0.0000000e+00   0.0000000e+00
   7.0839427e-02   2.8615179e-01  -9.4028196e-04   0.0000000e+00   0.0000000e+00   0.0000000e+00
   6.9837607e-02   2.8848214e-01  -2.2857143e-03   0.0000000e+00   0.0000000e+00   0.0000000e+00
   6.9858355e-02   2.8615179e-01  -3.6311466e-03   0.0000000e+00   0.0000000e+00   0.0000000e+00
   7.0773082e-02   2.7683036e-01  -6.3220113e-03   0.0000000e+00   0.0000000e+00   0.0000000e+00
   6.9728512e-02   2.7916071e-01  -7.6674436e-03   0.0000000e+00   0.0000000e+00   0.0000000e+00
   6.9619291e-02   2.7683036e-01  -9.0128759e-03   0.0000000e+00   0.0000000e+00   0.0000000e+00
   7.1541854e-02   2.8071429e-01  -2.2857143e-03   0.0000000e+00   0.0000000e+00   0.0000000e+00
   6.6900008e-02   2.7937500e-01  -1.3714286e-02   0.0000000e+00   0.0000000e+00   0.0000000e+00
   6.7058573e-02   2.8170536e-01  -1.2368853e-02   0.0000000e+00   0.0000000e+00   0.0000000e+00
   6.5740952e-02   2.8170536e-01  -1.5059718e-02   0.0000000e+00   0.0000000e+00   0.0000000e+00
   6.7362173e-02   2.8869643e-01  -8.3325564e-03   0.0000000e+00   0.0000000e+00   0.0000000e+00
   6.7407702e-02   2.9102679e-01  -6.9871241e-03   0.0000000e+00   0.0000000e+00   0.0000000e+00
   6.6234245e-02   2.9102679e-01  -9.6779887e-03   0.0000000e+00   0.0000000e+00   0.0000000e+00
   6.2109697e-02   2.8869643e-01  -1.9096015e-02   0.0000000e+00   0.0000000e+00   0.0000000e+00
   6.2288589e-02   2.9102679e-01  -1.7750583e-02   0.0000000e+00   0.0000000e+00   0.0000000e+00
   6.0855590e-02   2.9102679e-01  -2.0441447e-02   0.0000000e+00   0.0000000e+00   0.0000000e+00
   6.5215973e-02   2.8714286e-01  -1.3714286e-02   0.0000000e+00   0.0000000e+00   0.0000000e+00
   5.9507628e-02   2.9683036e-01  -2.0441447e-02   0.0000000e+00   0.0000000e+00   0.0000000e+00
   6.0940627e-02   2.9683036e-01  -1.7750583e-02   0.0000000e+00   0.0000000e+00   0.0000000e+00
   5.9682930e-02   2.9916071e-01  -1.9096015e-02   0.0000000e+00   0.0000000e+00   0.0000000e+00
   6.4886283e-02   2.9683036e-01  -9.6779887e-03   0.0000000e+00   0.0000000e+00   0.0000000e+00
   6.6059740e-02   2.9683036e-01  -6.9871241e-03   0.0000000e+00   0.0000000e+00   0.0000000e+00
   6.4935406e-02   2.9916071e-01  -8.3325564e-03   0.0000000e+00   0.0000000e+00   0.0000000e+00
   6.0127244e-02   3.0615179e-01  -1.5059718e-02   0.0000000e+00   0.0000000e+00   0.0000000e+00
   6.1444864e-02   3.0615179e-01  -1.2368853e-02   0.0000000e+00   0.0000000e+00   0.0000000e+00
   6.0249775e-02   3.0848214e-01  -1.3714286e-02   0.0000000e+00   0.0000000e+00   0.0000000e+00
   6.2073369e-02   3.0071429e-01  -1.3714286e-02   0.0000000e+00   0.0000000e+00   0.0000000e+00
   7.5621993e-02   2.7102679e-01   4.4414473e-03   0.0000000e+00   0.0000000e+00   0.0000000e+00
   7.4835074e-02   2.7102679e-01   1.7505827e-03   0.0000000e+00   0.0000000e+00   0.0000000e+00
   7.5663211e-02   2.6869643e-01   3.0960150e-03   0.0000000e+00   0.0000000e+00   0.0000000e+00
   7.1897225e-02   2.7102679e-01  -6.3220113e-03   0.0000000e+00   0.0000000e+00   0.0000000e+00
   7.0743435e-02   2.7102679e-01  -9.0128759e-03   0.0000000e+00   0.0000000e+00   0.0000000e+00
   7.1752333e-02   2.6869643e-01  -7.6674436e-03   0.0000000e+00   0.0000000e+00   0.0000000e+00
   7.5521024e-02   2.6170536e-01  -9.4028196e-04   0.0000000e+00   0.0000000e+00   0.0000000e+00
   7.4539952e-02   2.6170536e-01  -3.6311466e-03   0.0000000e+00   0.0000000e+00   0.0000000e+00
   7.5383622e-02   2.5937500e-01  -2.2857143e-03   0.0000000e+00   0.0000000e+00   0.0000000e+00
   7.4162653e-02   2.6714286e-01  -2.2857143e-03   0.0000000e+00   0.0000000e+00   0.0000000e+00
   7.3880912e-02   2.5683036e-01  -6.9871241e-03   0.0000000e+00   0.0000000e+00   0.0000000e+00
   7.2986978e-02   2.5916071e-01  -8.3325564e-03   0.0000000e+00   0.0000000e+00   0.0000000e+00
   7.2707454e-02   2.5683036e-01  -9.6779887e-03   0.0000000e+00   0.0000000e+00   0.0000000e+00
   7.0058649e-02   2.6615179e-01  -1.2368853e-02   0.0000000e+00   0.0000000e+00   0.0000000e+00
   6.9006327e-02   2.6848214e-01  -1.3714286e-02   0.0000000e+00   0.0000000e+00   0.0000000e+00
   6.8741028e-02   2.6615179e-01  -1.5059718e-02   0.0000000e+00   0.0000000e+00   0.0000000e+00
   6.8761799e-02   2.5683036e-01  -1.7750583e-02   0.0000000e+00   0.0000000e+00   0.0000000e+00
   6.7734502e-02   2.5916071e-01  -1.9096015e-02   0.0000000e+00   0.0000000e+00   0.0000000e+00
   6.7328799e-02   2.5683036e-01  -2.0441447e-02   0.0000000e+00   0.0000000e+00   0.0000000e+00
   7.0266831e-02   2.6071429e-01  -1.3714286e-02   0.0000000e+00   0.0000000e+00   0.0000000e+00
   7.7205351e-02   2.6848214e-01   9.1428571e-03   0.0000000e+00   0.0000000e+00   0.0000000e+00
   7.7319011e-02   2.6615179e-01   7.7974248e-03   0.0000000e+00   0.0000000e+00   0.0000000e+00
   7.7867499e-02   2.6615179e-01   1.0488289e-02   0.0000000e+00   0.0000000e+00   0.0000000e+00
   7.7376979e-02   2.5916071e-01   3.7611278e-03   0.0000000e+00   0.0000000e+00   0.0000000e+00
   7.7300361e-02   2.5683036e-01   2.4156955e-03   0.0000000e+00   0.0000000e+00   0.0000000e+00
   7.8062002e-02   2.5683036e-01   5.1065602e-03   0.0000000e+00   0.0000000e+00   0.0000000e+00
   7.9563435e-02   2.5916071e-01   1.4524586e-02   0.0000000e+00   0.0000000e+00   0.0000000e+00
   7.9704466e-02   2.5683036e-01   1.3179154e-02   0.0000000e+00   0.0000000e+00   0.0000000e+00
   8.0027819e-02   2.5683036e-01   1.5870019e-02   0.0000000e+00   0.0000000e+00   0.0000000e+00
   7.8465854e-02   2.6071429e-01   9.1428571e-03   0.0000000e+00   0.0000000e+00   0.0000000e+00
   7.4616514e-02   2.5102679e-01   5.0870019e-02   0.0000000e+00   0.0000000e+00   0.0000000e+00
   7.5704353e-02   2.5102679e-01   4.8179154e-02   0.0000000e+00   0.0000000e+00   0.0000000e+00
   7.5403337e-02   2.4869643e-01   4.9524586e-02   0.0000000e+00   0.0000000e+00   0.0000000e+00
   7.8417716e-02   2.5102679e-01   4.0106560e-02   0.0000000e+00   0.0000000e+00   0.0000000e+00
   7.9122294e-02   2.5102679e-01   3.7415696e-02   0.0000000e+00   0.0000000e+00   0.0000000e+00
   7.9015378e-02   2.4869643e-01   3.8761128e-02   0.0000000e+00   0.0000000e+00   0.0000000e+00
   7.7476222e-02   2.4170536e-01   4.5488289e-02   0.0000000e+00   0.0000000e+00   0.0000000e+00
   7.8382328e-02   2.4170536e-01   4.2797425e-02   0.0000000e+00   0.0000000e+00   0.0000000e+00
   7.8067418e-02   2.3937500e-01   4.4142857e-02   0.0000000e+00   0.0000000e+00   0.0000000e+00
   7.7541922e-02   2.4714286e-01   4.4142857e-02   0.0000000e+00   0.0000000e+00   0.0000000e+00
   7.4616514e-02   2.5102679e-01   5.0870019e-02   0.0000000e+00   0.0000000e+00   0.0000000e+00
   7.5704353e-02   2.5102679e-01   4.8179154e-02   0.0000000e+00   0.0000000e+00   0.0000000e+00
   7.5403337e-02   2.4869643e-01   4.9524586e-02   0.0000000e+00   0.0000000e+00   0.0000000e+00
   7.8417716e-02   2.5102679e-01   4.0106560e-02   0.0000000e+00   0.0000000e+00   0.0000000e+00
   7.9122294e-02   2.5102679e-01   3.7415696e-02   0.0000000e+00   0.0000000e+00   0.0000000e+00
   7.9015378e-02   2.4869643e-01   3.8761128e-02   0.0000000e+00   0.0000000e+00   0.0000000e+00
   7.7476222e-02   2.4170536e-01   4.5488289e-02   0.0000000e+00   0.0000000e+00   0.0000000e+00
   7.8382328e-02   2.4170536e-01   4.2797425e-02   0.0000000e+00   0.0000000e+00   0.0000000e+00
   7.8067418e-02   2.3937500e-01   4.4142857e-02   0.0000000e+00   0.0000000e+00   0.0000000e+00
   7.7541922e-02   2.4714286e-01   4.4142857e-02   0.0000000e+00   0.0000000e+00   0.0000000e+00
